標題,真實新聞連結,標題_情感極性,標題_主觀性,全文_情感極性,全文_主觀性
Nvidia confirms 'rare issue' with some RTX 5090 and RTX 5070 Ti GPUs – here’s how to check if you’re affected and to get a replacement - TechRadar,https://www.techradar.com/computing/gpu/nvidia-confirms-rare-issue-with-some-rtx-5090-and-rtx-5070-ti-gpus-heres-how-to-check-if-youre-affected-and-to-get-a-replacement,0.3,0.9,0.15720859885456168,0.482602309698583
Nvidia explains the missing ROPs — defective silicon in 0.5% of RTX 5090 and 5070 Ti GPUs - Tom's Hardware,https://www.tomshardware.com/pc-components/gpus/nvidia-explains-the-missing-rops-defective-silicon-in-0-5-percent-of-rtx-5090-and-5070-ti-gpus,-0.2,0.05,0.06301813758018139,0.44331066135810643
"NVIDIA Confirms Only 0.5% RTX 5090 & 5070 Ti GPUs Affected By Missing ROP Units, Replacements For Affectees & Production Corrected - Wccftech",https://wccftech.com/nvidia-confirms-missing-rop-5090-5070-ti-gpus-new-batch-fixed-replacements/,-0.1,0.525,0.08023977749366352,0.4792992844806314
3 rumors that make me excited for AMD's Radeon RX 90 series launch - XDA Developers,https://www.xda-developers.com/rumors-that-make-me-excited-for-amds-radeon-rx-90-series/,0.375,0.75,0.2646038212311797,0.5491285156143644
Nvidia Confirms Some RTX 50 Graphics Cards Are Underpowered - GameRant,https://gamerant.com/nvidia-rtx-50-graphics-cards-missing-rop-units/,0.0,0.0,0.059269360269360256,0.4302797017797016
Major Graphics Card Brands Ranked Worst To Best - SlashGear,https://www.slashgear.com/1304633/major-graphics-card-brands-ranked/,0.020833333333333332,0.6,0.14955716601132077,0.4791077165432466
AMD Instinct MI325X GPUs now available on Vultr - DatacenterDynamics,https://www.datacenterdynamics.com/en/news/amd-instinct-mi325x-gpus-now-available-on-vultr/,0.4,0.4,0.1903030303030303,0.36767676767676766
Nvidia confirms rare GeForce RTX 50-series GPU issue - Laptop Mag,https://www.laptopmag.com/laptops/gaming-laptops-pcs/nvidia-confirms-rare-rtx-50-series-gpu-issue,0.3,0.9,0.17545454545454545,0.5351077441077441
NVIDIA To Make Good On Rare GeForce RTX 50 GPU Defect With Missing ROPs - Hot Hardware,https://hothardware.com/news/nvidia-statement-geforce-rtx-50-cards-missing-rops,0.2625,0.6000000000000001,0.10360483138260929,0.42462388434610665
"NVIDIA’s GeForce RTX 5080 Added To The List Of GPUs With Missing ROPs, The First Reported Case Yet - Wccftech",https://wccftech.com/geforce-rtx-5080-added-to-the-list-of-gpus-with-missing-rops/,0.024999999999999994,0.19166666666666665,0.1284514721919303,0.5125154489276629
PhysX feature unlocked for RTX 5090 with RTX 3050 'helper' to enable full performance - Tom's Hardware,https://www.tomshardware.com/pc-components/gpus/physx-feature-unlocked-for-rtx-5090-with-rtx-3050-helper-to-enable-full-performance,0.35,0.55,0.12777645148968664,0.4450041380188436
A Redditor has a solution for the lack of PhysX support with the RTX 50 series: running two GPUs - XDA Developers,https://www.xda-developers.com/redditor-physx-running-two-gpus/,0.0,0.0,0.17498099352438196,0.4623991985975457
"AMD appears unlikely to sell reference Radeon RX 9070, RX 9070 XT GPUs - Tom's Hardware",https://www.tomshardware.com/pc-components/gpus/amd-appears-unlikely-to-sell-reference-radeon-rx-9070-rx-9070-xt-gpus,-0.5,0.5,0.11707239057239065,0.4434667672394944
"Thai Retailer Doesn’t Have Any NVIDIA RTX 50 GPUs, Notifies Customers To Wait Until July - Wccftech",https://wccftech.com/thai-retailer-doesnt-have-any-rtx-50-series-gpus-notifies-customers-to-wait-until-july/,0.0,0.0,0.09774011299435031,0.48627375449409355
NVIDIA GeForce RTX 5070 Ti Appears With Fewer ROPs; Problem Now Extends To Other High-End RTX 50 GPUs - Wccftech,https://wccftech.com/geforce-rtx-5070-ti-appears-with-fewer-rops/,-0.125,0.375,0.16491421568627462,0.4832475490196079
"Retail Prices For NVIDIA GeForce RTX 5070 Ti Go Crazy: Custom Models Now Listed For $2,000+ - Wccftech",https://wccftech.com/retail-prices-nvidia-geforce-rtx-5070-ti-go-crazy-custom-models-listed-2000-usd/,-0.6,0.9,0.07253750125843145,0.497202255109232
RTX 5070 Ti manufacturing defect cuts performance by up to 10% — 88 ROPs vs 96 ROPs (design) - Tom's Hardware,https://www.tomshardware.com/pc-components/gpus/rtx-5070-ti-manufacturing-defect-cuts-performance-by-up-to-10-percent-88-rops-vs-96-rops-design,0.0,0.0,0.15700030438311688,0.4371686733405484
Nvidia Drops Support for PhysX on Its RTX 50-Series Cards - Gizmodo,https://gizmodo.com/nvidias-rtx-50-series-cards-fail-to-preserve-our-favorite-games-from-10-years-ago-2000566977,0.0,0.0,0.1694065794256634,0.4722191930207195
Morefine G1 graphics dock comes with up to an NVIDIA RTX 4090M GPU - Liliputing,https://liliputing.com/morefine-g1-graphics-dock-comes-with-up-to-an-nvidia-rtx-4090m-gpu/,0.0,0.0,0.1408513097072419,0.40864883703866756
"ASUS ROG Astral RTX 5090 Surprisingly Catches Fire, Burn Marks Seen On GPU PCB As Well As Motherboard Heatsink - Wccftech",https://wccftech.com/asus-rog-astral-rtx-5090-surprisingly-catches-fire-burn-marks-seen-on-gpu-pcb/,0.7,0.5,0.010681427560408442,0.5175202009596913
High Bandwidth Flash will compete with High Bandwidth Memory as Sandisk mulls Optane-like storage-class memory - TechRadar,https://www.techradar.com/pro/a-gpu-or-a-cpu-with-4tb-hbm-class-memory-nope-youre-not-dreaming-sandisk-is-working-on-such-a-monstrous-product,0.16,0.5399999999999999,0.14768282607977265,0.47825815405968064
Nvidia RTX 5090 and Nvidia RTX 5070 Ti graphics cards have missing components - The Shortcut,https://www.theshortcut.com/p/nvidia-rtx-5090-nvidia-rtx-5070-missing-rops-components-graphics-cards-gpus,-0.2,0.05,0.033093692022263456,0.41300505050505043
Dell's deal with Grok's mothership set to be confirmed according to business reports - TechRadar,https://www.techradar.com/pro/xai-could-sign-a-usd5-billion-deal-with-dell-for-thousands-of-servers-with-nvidias-gb200-blackwell-ai-gpu-accelerators,0.4,1.0,0.12879458299812283,0.44585903280593525
First gaming benchmarks for the AMD Radeon RX 9070XT appear online - DSOGaming,https://www.dsogaming.com/news/first-gaming-benchmarks-for-the-amd-radeon-rx-9070xt-appear-online/,0.25,0.3333333333333333,0.279080459770115,0.4512972085385879
RTX 50-series gaming laptops — here's why I think they'll be worth the upgrade - Tom's Guide,https://www.tomsguide.com/computing/gaming-laptops/rtx-50-series-gaming-laptops-heres-why-i-think-theyll-be-worth-the-upgrade,0.3,0.1,0.2400675333264619,0.48391646052360343
"Blown capacitor kills $2,799 Asus RTX 5090 GPU and damages motherboard - Yahoo",https://www.yahoo.com/tech/blown-capacitor-kills-2-799-141251660.html,0.0,0.0,0.001466049382716055,0.382383665716999
Review: AORUS RTX 5070 Ti Master - Overclocking.com,https://en.overclocking.com/review-aorus-rtx-5070-ti-master/12/,0.0,0.0,0.03992424242424242,0.644469696969697
NVIDIA Geforce 572.47 WHQL Driver Is Available for Download - DSOGaming,https://www.dsogaming.com/news/nvidia-geforce-572-47-whql-driver-is-available-for-download/,0.4,0.4,0.17024475524475524,0.4310437710437712
"Nvidia RTX 5090 and 5070 Ti cards from multiple vendors are missing ROP units, impacting performance - TechSpot",https://www.techspot.com/news/106876-rtx-5090s-multiple-vendors-missing-rop-units-degrading.html,-0.1,0.025,0.03618399740848721,0.45886783284742466
"iPhone 16e benchmarks point to performance, RAM, and charging speed details - TechRadar",https://www.techradar.com/phones/iphone/iphone-16e-benchmarks-point-to-performance-ram-and-charging-speed-details,0.0,0.0,0.19021358543417374,0.38737373737373715
Review : MSI RTX 5070 Ti Ventus 3X OC - Overclocking.com,https://en.overclocking.com/review-msi-rtx-5070-ti-ventus-3x-oc/12/,0.0,0.0,0.051988636363636355,0.3854482323232323
"PoEM+GPU mining, Quai Network token $QUAI's cumulative trading volume exceeded 80 million US dollars in the first three days of launch - PANews",https://www.panewslab.com/en/sqarticledetails/hos503op.html,0.25,0.3333333333333333,0.17250317775066085,0.5076250762660159
Shocking GPU Glitch: Have You Got a Faulty NVIDIA RTX 5090 or 5070 Ti? - Kuhinje-ewe.si,https://kuhinje-ewe.si/news-en/shocking-gpu-glitch-have-you-got-a-faulty-nvidia-rtx-5090-or-5070-ti/100319/,-1.0,1.0,0.09985930735930736,0.43806415483741057
NVIDIA confirms its flagship GPUs have a 'rare' manufacturing defect - NewsBytes,https://www.newsbytesapp.com/news/science/nvidia-acknowledges-manufacturing-defect-in-rtx-5090-5070-ti-gpus/story,0.3,0.9,0.0855392156862745,0.3666666666666667
"Technician warns against copper modding GPUs, fixes RTX 3080 with component damage - Inkl",https://www.inkl.com/news/technician-warns-against-copper-modding-gpus-fixes-rtx-3080-with-component-damage,0.0,0.0,0.09124521072796934,0.43401340996168575
VITRO activates GPU servers to boost AI adoption in PH - manilastandard.net,https://www.inkl.com/news/technician-warns-against-copper-modding-gpus-fixes-rtx-3080-with-component-damage,0.0,0.0,0.09124521072796934,0.43401340996168575
Greener flying in Nepal - Nepali times,https://nepalitimes.com/business/greener-flying-in-nepal,0.0,0.0,0.07250548967940272,0.35102876592007026
"RTX 5000 series now also has manufacturing issues, continuing Nvidia’s shoddy streak - Destructoid",https://www.destructoid.com/rtx-5000-series-now-also-has-manufacturing-issues-continuing-nvidias-shoddy-streak/,-0.3,0.5,0.17372835497835504,0.5788260758848992
ASUS ROG Astral RTX 5090 premium graphics card caught a user on fire while web surfing - gagadget.com,https://gagadget.com/en/590146-asus-rog-astral-rtx-5090-premium-graphics-card-caught-a-user-on-fire-while-web-surfing/,0.0,0.0,0.07759438737050676,0.5565378734035464
"Due to high demand and shortages, the RTX 5070 Ti graphics card is selling for the price of the flagship RTX 5090 graphics card - gagadget.com",https://gagadget.com/en/590086-due-to-high-demand-and-shortages-the-rtx-5070-ti-graphics-card-is-selling-for-the-price-of-the-flagship-rtx-5090-graphics-card/,0.0175,0.45749999999999996,0.13897523046283367,0.5143332379282805
NVIDIA RTX 5070 Ti GPU Benchmarks : Is It Worth the $750 Price Tag? - Geeky Gadgets,https://www.geeky-gadgets.com/nvidia-geforce-rtx-5070-ti-review/,0.3,0.1,0.17282299985130176,0.5531768650636575
"Over 4 Years Since Release, RTX 3060 is Still Steam’s Most Popular GPU - Tech4Gamers",https://tech4gamers.com/rtx-3060-steam-top-gpu-2025/,0.55,0.7,0.2100666386083052,0.5446913580246914
Lost Soul Aside PC Requirements Revealed; Ultra Ray Tracing Recommends RTX 5000 Series GPU - MP1st,https://mp1st.com/news/lost-soul-aside-pc-specs-revealed,0.0,0.0,0.008126477541371151,0.5437352245862883
This reddit user bought a RTX 3050 to pair with a RTX 5090 and uncripple 32-bit PhysX games - Neowin,https://www.neowin.net/news/this-reddit-user-bought-a-rtx-3050-to-pair-with-a-rtx-5090-and-uncripple-32-bit-physx-games/,0.0,0.0,0.09152533973962547,0.4127317127317127
NVIDIA Admits to Shipping RTX 5090 Units With Degraded Performance - Appuals,https://appuals.com/nvidia-rtx-5090-missing-rops-issue-replacement/,0.0,0.0,0.04876543209876544,0.4524691358024691
Nvidia’s $3.4 Trillion Revolution: The Visionary Rise of a Tech Titan - Apna Kal,https://www.apnakal.com/market/nvidias-3-4-trillion-revolution-the-visionary-rise-of-a-tech-titan/,0.0,0.0,0.1281328320802005,0.39830827067669167
"NVIDIA: The Silent Revolution Reshaping AI, Gaming, and Sustainable Investing - Apna Kal",https://www.apnakal.com/market/nvidia-the-silent-revolution-reshaping-ai-gaming-and-sustainable-investing/,0.0,0.1,0.14222689075630252,0.4630602240896359
Nvidia’s AI Revolution: How the Tech Titan Continues to Dominate the Future - Apna Kal,https://www.apnakal.com/market/nvidias-ai-revolution-how-the-tech-titan-continues-to-dominate-the-future/,0.0,0.125,0.10737734487734488,0.5328643578643578
Nvidia RTX 50 Series Faces Performance Concerns – What Gamers Need to Know - TechDator,https://techdator.net/nvidia-rtx-50-series-faces-performance-concerns/,0.0,0.0,0.04987215909090908,0.5247727272727272
Nvidia: The AI Powerhouse Fueling the Future of Tech - Apna Kal,https://www.apnakal.com/market/nvidia-the-ai-powerhouse-fueling-the-future-of-tech/,0.0,0.125,0.18224084474084476,0.4857727857727858
