發佈時間,標題,描述,來源,連結
2025-04-30 07:00:00,Control the Composition of AI-Generated Images With the NVIDIA AI Blueprint for 3D-Guided Generative AI - NVIDIA Blog,"<a href=""https://news.google.com/rss/articles/CBMihAFBVV95cUxPN1pMeVVZYjRFc2ZOX1VVcTR0RUNOcUVoVG9EUHcwZlh0eGlFci1Sd0NkTHhsbG43VEJLSGYzdkdmUmhkZWJzYklpVkdLc0t6VHM3bzRtT2c4VzhyaENqelo3WFFwMUxDUFhlS2gyRmliNGV6SG05RHYzLTRNTnFOSjgzVFU?oc=5"" target=""_blank"">Control the Composition of AI-Generated Images With the NVIDIA AI Blueprint for 3D-Guided Generative AI</a>&nbsp;&nbsp;<font color=""#6f6f6f"">NVIDIA Blog</font>",NVIDIA Blog,https://news.google.com/rss/articles/CBMihAFBVV95cUxPN1pMeVVZYjRFc2ZOX1VVcTR0RUNOcUVoVG9EUHcwZlh0eGlFci1Sd0NkTHhsbG43VEJLSGYzdkdmUmhkZWJzYklpVkdLc0t6VHM3bzRtT2c4VzhyaENqelo3WFFwMUxDUFhlS2gyRmliNGV6SG05RHYzLTRNTnFOSjgzVFU?oc=5
2025-04-30 15:23:00,"Nvidia Falls On Rare 'Sell' Rating, Super Micro Warning As Mag 7 Earnings Loom; Is Nvidia A Buy Now? - Investor's Business Daily","<a href=""https://news.google.com/rss/articles/CBMidkFVX3lxTE1TZEVzSzJiWEJ3TGxYVy13a0hoZDljNy1XZ1pKaEpGNHhpdGFwWFpiTnFxdDRhMW1malRkRDRIYVoyUGgtMDBodEdSRS1jZmRHMEpPZ1JyY2s3ZEN5a2VJVTMybWRTUlFwZ3FYSW5oODZrUzhhUHc?oc=5"" target=""_blank"">Nvidia Falls On Rare 'Sell' Rating, Super Micro Warning As Mag 7 Earnings Loom; Is Nvidia A Buy Now?</a>&nbsp;&nbsp;<font color=""#6f6f6f"">Investor's Business Daily</font>",Investor's Business Daily,https://news.google.com/rss/articles/CBMidkFVX3lxTE1TZEVzSzJiWEJ3TGxYVy13a0hoZDljNy1XZ1pKaEpGNHhpdGFwWFpiTnFxdDRhMW1malRkRDRIYVoyUGgtMDBodEdSRS1jZmRHMEpPZ1JyY2s3ZEN5a2VJVTMybWRTUlFwZ3FYSW5oODZrUzhhUHc?oc=5
2025-04-30 07:00:00,"Nvidia CEO Says All Companies Will Need ‘AI Factories,’ Touts Creation of American Jobs - WSJ","<a href=""https://news.google.com/rss/articles/CBMivwFBVV95cUxNV19fYURSVUtaZG8tNDBXN1Z4U3B6R1h1U2tvOTQxa0o3WllZZEVVeXZxbG9GQlJaMDQ5Q194ejMwZG1XQ3c2YlJjTUVoaU1sa2lhYkhPZzlwNHpzZGN6ejV6MUowRDVLUzZkTWNUMlNpMng0NTd0VndXWG1QTTlKZFhFREYtWXI4ZWdyQTRBazZLUFJRcHhPbXBaWjJsQUNrclk2SVd3Q3FvVWJDenVHa1JYYTJMb3dodnNEVEU1TQ?oc=5"" target=""_blank"">Nvidia CEO Says All Companies Will Need ‘AI Factories,’ Touts Creation of American Jobs</a>&nbsp;&nbsp;<font color=""#6f6f6f"">WSJ</font>",WSJ,https://news.google.com/rss/articles/CBMivwFBVV95cUxNV19fYURSVUtaZG8tNDBXN1Z4U3B6R1h1U2tvOTQxa0o3WllZZEVVeXZxbG9GQlJaMDQ5Q194ejMwZG1XQ3c2YlJjTUVoaU1sa2lhYkhPZzlwNHpzZGN6ejV6MUowRDVLUzZkTWNUMlNpMng0NTd0VndXWG1QTTlKZFhFREYtWXI4ZWdyQTRBazZLUFJRcHhPbXBaWjJsQUNrclk2SVd3Q3FvVWJDenVHa1JYYTJMb3dodnNEVEU1TQ?oc=5
2025-05-01 07:00:00,Nvidia raised concerns about Huawei's growing AI capabilities with US lawmakers - Reuters,"<a href=""https://news.google.com/rss/articles/CBMivgFBVV95cUxPTmtGUWlJWERXNFg1OHdQakx6ZVRrV0hOOWtnbVZ4NXMzbl94RWc4cC1aUnNXZ2RBXzBRTEIwUF9GZW5iQjR5OHhCSXpGeW9tbi10Snl2VXo2NXNzV2xuZGRIRERBXzVObk9IdXdkS0Utc1lVV2Y4eV9Ed3U3bldRbjNwWEFUQnBEbWFPalB2bFl0dkFRUkVFbGlKaWlPU09VdzJLME1NQ0tHaWlESmdVaVpJc2EwamM0R191UHh3?oc=5"" target=""_blank"">Nvidia raised concerns about Huawei's growing AI capabilities with US lawmakers</a>&nbsp;&nbsp;<font color=""#6f6f6f"">Reuters</font>",Reuters,https://news.google.com/rss/articles/CBMivgFBVV95cUxPTmtGUWlJWERXNFg1OHdQakx6ZVRrV0hOOWtnbVZ4NXMzbl94RWc4cC1aUnNXZ2RBXzBRTEIwUF9GZW5iQjR5OHhCSXpGeW9tbi10Snl2VXo2NXNzV2xuZGRIRERBXzVObk9IdXdkS0Utc1lVV2Y4eV9Ed3U3bldRbjNwWEFUQnBEbWFPalB2bFl0dkFRUkVFbGlKaWlPU09VdzJLME1NQ0tHaWlESmdVaVpJc2EwamM0R191UHh3?oc=5
2025-05-01 07:00:00,"Nvidia stock rises to lead chip gains after Meta, Microsoft back AI investment plans - Yahoo Finance","<a href=""https://news.google.com/rss/articles/CBMiyAFBVV95cUxOenpFR3ZOYm94YVBiZHlYYS1YNFRtRXBRMWNwYXJqRmJLdWtpZXNzbGRSamZyOFNJNU40NTVMODZ5ZHZtMVl2Y3F2TTlZUXh2YV9meUxad1BwbTlDamZWZW1SVDlDNm5VVXUteExHVFdQMVgyWXVhelJKYmFHZnBXUlFFaEZFX3ZRUExLNEEyWXA2UWY0bnZWTTlMUmg1dVAzXzB2Qjl5bEp4dV8zUlNzMWlyTWFPQWZsdkxLR0Z1clRWeTVBVlFQMw?oc=5"" target=""_blank"">Nvidia stock rises to lead chip gains after Meta, Microsoft back AI investment plans</a>&nbsp;&nbsp;<font color=""#6f6f6f"">Yahoo Finance</font>",Yahoo Finance,https://news.google.com/rss/articles/CBMiyAFBVV95cUxOenpFR3ZOYm94YVBiZHlYYS1YNFRtRXBRMWNwYXJqRmJLdWtpZXNzbGRSamZyOFNJNU40NTVMODZ5ZHZtMVl2Y3F2TTlZUXh2YV9meUxad1BwbTlDamZWZW1SVDlDNm5VVXUteExHVFdQMVgyWXVhelJKYmFHZnBXUlFFaEZFX3ZRUExLNEEyWXA2UWY0bnZWTTlMUmg1dVAzXzB2Qjl5bEp4dV8zUlNzMWlyTWFPQWZsdkxLR0Z1clRWeTVBVlFQMw?oc=5
2025-04-30 07:00:00,Nvidia’s CEO Says the U.S. Can Win the AI Arms Race—but It Needs Trades People as Much as Engineers - Inc.com,"<a href=""https://news.google.com/rss/articles/CBMi2AFBVV95cUxQZmlFcU00dG8wSWM2NXBSTVdKWktfMmdOQV80NGpzNjZnNTJjNTZzeXlXc3pZRGRPdEtwRzRjUWEyMTZNYnpDc1RYZ3ZuVjBLQVFvUDFjNEVETnlKYXhqQlFldnl2cG1zMjFPYjVzaXpzYnladC1UOHVCZDF4am9tamNsbHBBUW9GRkxHemNrUUdsTHQ0LXRlTzZkUlJVbmtjaUFEc1lsWXRwNHNjRXRqUmRzUkdIUndLZjRvanJ5MUcwTTBUN09nSVp1UDJQSHRwZk91MUxBTWU?oc=5"" target=""_blank"">Nvidia’s CEO Says the U.S. Can Win the AI Arms Race—but It Needs Trades People as Much as Engineers</a>&nbsp;&nbsp;<font color=""#6f6f6f"">Inc.com</font>",Inc.com,https://news.google.com/rss/articles/CBMi2AFBVV95cUxQZmlFcU00dG8wSWM2NXBSTVdKWktfMmdOQV80NGpzNjZnNTJjNTZzeXlXc3pZRGRPdEtwRzRjUWEyMTZNYnpDc1RYZ3ZuVjBLQVFvUDFjNEVETnlKYXhqQlFldnl2cG1zMjFPYjVzaXpzYnladC1UOHVCZDF4am9tamNsbHBBUW9GRkxHemNrUUdsTHQ0LXRlTzZkUlJVbmtjaUFEc1lsWXRwNHNjRXRqUmRzUkdIUndLZjRvanJ5MUcwTTBUN09nSVp1UDJQSHRwZk91MUxBTWU?oc=5
2025-05-01 07:00:00,Nvidia says Anthropic is telling 'tall tales' in its defense of U.S. AI chip restrictions on China - CNBC,"<a href=""https://news.google.com/rss/articles/CBMiowFBVV95cUxPcUlhQ0k1SXhjRENPMXRLWUl0ZHhQY000MGVBSXp2ZGh2dDBpUFM1RlRSV0xGYmJXSlNtcnRzcnNsTk0tSXY0b1k4TzBMZy1GQWpjd2tZQm44MnRIWHJZTVpYTWVRT3NDVnNnREpkRTYtejZ4dGRBV1ZRZ3U3OE5SN19oRThoM1JJdG5lTUtZRnN5aXp6VUdDNDlVd0JOUlRKODVJ0gGoAUFVX3lxTE1pSWpvMlptdzdIcHFQU0pxZkpvRFpVVzZ4Y0VxQ0owWTN0V2FGZHJZTEZhUnFVSFVGZmxuNHJWekJBd3FUcWVzNjRoR2l1dEs4YnYxQVZ2aF9NUmJQUUplVUUzUEd1VGYySm5yX0JHSHVTZHd4WGhzN0RCcWpFcGJUYnlIdmwtdlk4eGljZDhTSXN4RDBMVWdHN1JNZXc5ODlPNkVRNDV2Ng?oc=5"" target=""_blank"">Nvidia says Anthropic is telling 'tall tales' in its defense of U.S. AI chip restrictions on China</a>&nbsp;&nbsp;<font color=""#6f6f6f"">CNBC</font>",CNBC,https://news.google.com/rss/articles/CBMiowFBVV95cUxPcUlhQ0k1SXhjRENPMXRLWUl0ZHhQY000MGVBSXp2ZGh2dDBpUFM1RlRSV0xGYmJXSlNtcnRzcnNsTk0tSXY0b1k4TzBMZy1GQWpjd2tZQm44MnRIWHJZTVpYTWVRT3NDVnNnREpkRTYtejZ4dGRBV1ZRZ3U3OE5SN19oRThoM1JJdG5lTUtZRnN5aXp6VUdDNDlVd0JOUlRKODVJ0gGoAUFVX3lxTE1pSWpvMlptdzdIcHFQU0pxZkpvRFpVVzZ4Y0VxQ0owWTN0V2FGZHJZTEZhUnFVSFVGZmxuNHJWekJBd3FUcWVzNjRoR2l1dEs4YnYxQVZ2aF9NUmJQUUplVUUzUEd1VGYySm5yX0JHSHVTZHd4WGhzN0RCcWpFcGJUYnlIdmwtdlk4eGljZDhTSXN4RDBMVWdHN1JNZXc5ODlPNkVRNDV2Ng?oc=5
2025-05-01 07:00:00,"Nvidia Stock Rises. The AI Trade Is So Back After Meta, Microsoft Earnings. - Barron's","<a href=""https://news.google.com/rss/articles/CBMijAFBVV95cUxOT09STzdFaWp5cVFVTnBxOGlZS3lieUxxcnlqWURPMzFtT08xaC12SzVhQUc2cHlkSTFBT2gxMUoxZ0tpODVjb3plcmwxS2tFUl95Yk1PdFFOTVU3MkxSRWpzNGZEcmRJdmV2RlNWQTJjSDFxYVgtWXRnWmFrSG9BbVZmWnRYU2tIVGhNUQ?oc=5"" target=""_blank"">Nvidia Stock Rises. The AI Trade Is So Back After Meta, Microsoft Earnings.</a>&nbsp;&nbsp;<font color=""#6f6f6f"">Barron's</font>",Barron's,https://news.google.com/rss/articles/CBMijAFBVV95cUxOT09STzdFaWp5cVFVTnBxOGlZS3lieUxxcnlqWURPMzFtT08xaC12SzVhQUc2cHlkSTFBT2gxMUoxZ0tpODVjb3plcmwxS2tFUl95Yk1PdFFOTVU3MkxSRWpzNGZEcmRJdmV2RlNWQTJjSDFxYVgtWXRnWmFrSG9BbVZmWnRYU2tIVGhNUQ?oc=5
2025-05-01 07:00:00,US Weighs Easing Nvidia Chip Curbs on UAE as Trump Plans Visit - Bloomberg,"<a href=""https://news.google.com/rss/articles/CBMiswFBVV95cUxPeEsyWGdUNlc2eFJTQWxVMFg0cVY5UkR0T1cta091dnBaSlVER0YyQ3pjVEYyMUx5cDNmdERwXzAxNG9OSjlJT01YcDkxTm1RR1BTMDkzMHZXR2NRMXRPamFYX1N1RzZHS0hFWGYwSjVtMl9wbFZ6RnM4ZkFfUmdibW5NaDV4cnVjcFFRMXltRnpoQloyalc4dHY2UkVCRElEcng0ZWt1MU9kTTlxYjg5bFNxRQ?oc=5"" target=""_blank"">US Weighs Easing Nvidia Chip Curbs on UAE as Trump Plans Visit</a>&nbsp;&nbsp;<font color=""#6f6f6f"">Bloomberg</font>",Bloomberg,https://news.google.com/rss/articles/CBMiswFBVV95cUxPeEsyWGdUNlc2eFJTQWxVMFg0cVY5UkR0T1cta091dnBaSlVER0YyQ3pjVEYyMUx5cDNmdERwXzAxNG9OSjlJT01YcDkxTm1RR1BTMDkzMHZXR2NRMXRPamFYX1N1RzZHS0hFWGYwSjVtMl9wbFZ6RnM4ZkFfUmdibW5NaDV4cnVjcFFRMXltRnpoQloyalc4dHY2UkVCRElEcng0ZWt1MU9kTTlxYjg5bFNxRQ?oc=5
2025-04-30 07:00:00,Nvidia’s new tool can turn 3D scenes into AI images - The Verge,"<a href=""https://news.google.com/rss/articles/CBMijAFBVV95cUxQQ2Voc09IQmpwSF9Ed3BhUEx4MU5DQUdCcTU4TjRkZDVCNWV6eFpqR1hKd3Y2MVdZMElTTkdxSWtnVUpuZXJlWHBlVlcwTlpYVHh4OUdIa3ZVb1gxRFBrV0tPdF9DY01aU2p6NHB0RkJEYmxpMm9Fa2ZjNnJ1bzN2RkZqWmRFWXlJdDF1NA?oc=5"" target=""_blank"">Nvidia’s new tool can turn 3D scenes into AI images</a>&nbsp;&nbsp;<font color=""#6f6f6f"">The Verge</font>",The Verge,https://news.google.com/rss/articles/CBMijAFBVV95cUxQQ2Voc09IQmpwSF9Ed3BhUEx4MU5DQUdCcTU4TjRkZDVCNWV6eFpqR1hKd3Y2MVdZMElTTkdxSWtnVUpuZXJlWHBlVlcwTlpYVHh4OUdIa3ZVb1gxRFBrV0tPdF9DY01aU2p6NHB0RkJEYmxpMm9Fa2ZjNnJ1bzN2RkZqWmRFWXlJdDF1NA?oc=5
2025-05-01 07:00:00,Nvidia CEO sends Washington 10-word message on AI chip change - TheStreet,"<a href=""https://news.google.com/rss/articles/CBMinwFBVV95cUxOaENiTGJNVTZJRTM0dWJUcVJWQWZOd1gzN0ZlbmdyWFg4TUU3dDE5bWUtUENwNFg4dnMydEhTMWlKb0Q0MXIxWHowNTNESFpYcUhvamtuQ29DT2cyaGlIOUlBcFJTbFhhcmt5MnVkZGdnd2gzeXZ4SDZYODQxRmo4Wlg5eFFOY2g1VHlSSHMtbG9xTlhJakhTb2tvaWJQY2s?oc=5"" target=""_blank"">Nvidia CEO sends Washington 10-word message on AI chip change</a>&nbsp;&nbsp;<font color=""#6f6f6f"">TheStreet</font>",TheStreet,https://news.google.com/rss/articles/CBMinwFBVV95cUxOaENiTGJNVTZJRTM0dWJUcVJWQWZOd1gzN0ZlbmdyWFg4TUU3dDE5bWUtUENwNFg4dnMydEhTMWlKb0Q0MXIxWHowNTNESFpYcUhvamtuQ29DT2cyaGlIOUlBcFJTbFhhcmt5MnVkZGdnd2gzeXZ4SDZYODQxRmo4Wlg5eFFOY2g1VHlSSHMtbG9xTlhJakhTb2tvaWJQY2s?oc=5
2025-05-01 07:00:00,What Are Wall Street Analysts' Target Price for NVIDIA Stock? - Nasdaq,"<a href=""https://news.google.com/rss/articles/CBMikAFBVV95cUxPb0NEeWROQzBlalFHTk1iY18xTGdOcXExaS1GRUtYVHRQUXVKcVQ0X2RwVUpkc2VTbFI5OWNabUhrRzhQaTBEVG9TbzhqSXkwN3BfcU1tU3JJSTdBNGJjME1sNDQ2Sm15cVZScm5DTWxiOGZHdjBlbEs1cVZSVnBFUGh5bm5oVDJTR3ZkU0RFTGs?oc=5"" target=""_blank"">What Are Wall Street Analysts' Target Price for NVIDIA Stock?</a>&nbsp;&nbsp;<font color=""#6f6f6f"">Nasdaq</font>",Nasdaq,https://news.google.com/rss/articles/CBMikAFBVV95cUxPb0NEeWROQzBlalFHTk1iY18xTGdOcXExaS1GRUtYVHRQUXVKcVQ0X2RwVUpkc2VTbFI5OWNabUhrRzhQaTBEVG9TbzhqSXkwN3BfcU1tU3JJSTdBNGJjME1sNDQ2Sm15cVZScm5DTWxiOGZHdjBlbEs1cVZSVnBFUGh5bm5oVDJTR3ZkU0RFTGs?oc=5
2025-04-30 07:00:00,New GeForce Game Ready Driver Released - NVIDIA,"<a href=""https://news.google.com/rss/articles/CBMijwFBVV95cUxNd3dIcl9uLTlaaVdnTU8zNFRHYU0tVWdRLWZ1c1FJSDljWTNLeGJWcDZWd3hrZGF5MFM2TmlOc00zTjFLczFZYVZiY1BDVU9rNEVPalk1dWFvTTZxeUkzSWpsVWRIbGFUdndDVldpZmJxUWhMWnhSSGt2SjRDWnl3b0d6akU4U2MzclVXbHhtbw?oc=5"" target=""_blank"">New GeForce Game Ready Driver Released</a>&nbsp;&nbsp;<font color=""#6f6f6f"">NVIDIA</font>",NVIDIA,https://news.google.com/rss/articles/CBMijwFBVV95cUxNd3dIcl9uLTlaaVdnTU8zNFRHYU0tVWdRLWZ1c1FJSDljWTNLeGJWcDZWd3hrZGF5MFM2TmlOc00zTjFLczFZYVZiY1BDVU9rNEVPalk1dWFvTTZxeUkzSWpsVWRIbGFUdndDVldpZmJxUWhMWnhSSGt2SjRDWnl3b0d6akU4U2MzclVXbHhtbw?oc=5
2025-05-01 07:00:00,Why Nvidia stock is popping after big quarters for Microsoft and Meta - Yahoo Finance,"<a href=""https://news.google.com/rss/articles/CBMitgFBVV95cUxPXzhNclBMU3hQZFFmWk1fVEhmNDFBcmdUaWlnT2o0bmM2ekMyM0F2Z0xlUDk4dHdKRTZpdmJtMWE1LTBHUFRCdjZmUGVBbWpVLV9XN3hEeWl2eXBXbFpmNk9DSU5zT1VmbVNTdTZqdU9XYV85OHAtTHllZm0tR2p6VUVSZ3R0NlF5dkRvR1pDQ1dIc2xkeklEZ1NTZlZPOWZsRk1FMWpDMkxrd2ZybWstbWY4NGhsQQ?oc=5"" target=""_blank"">Why Nvidia stock is popping after big quarters for Microsoft and Meta</a>&nbsp;&nbsp;<font color=""#6f6f6f"">Yahoo Finance</font>",Yahoo Finance,https://news.google.com/rss/articles/CBMitgFBVV95cUxPXzhNclBMU3hQZFFmWk1fVEhmNDFBcmdUaWlnT2o0bmM2ekMyM0F2Z0xlUDk4dHdKRTZpdmJtMWE1LTBHUFRCdjZmUGVBbWpVLV9XN3hEeWl2eXBXbFpmNk9DSU5zT1VmbVNTdTZqdU9XYV85OHAtTHllZm0tR2p6VUVSZ3R0NlF5dkRvR1pDQ1dIc2xkeklEZ1NTZlZPOWZsRk1FMWpDMkxrd2ZybWstbWY4NGhsQQ?oc=5
2025-05-01 07:00:00,"What AI Slowdown? Nvidia Rallies As Meta, Microsoft Boost Data Center Spending. - Investor's Business Daily","<a href=""https://news.google.com/rss/articles/CBMijgFBVV95cUxPNDJSdFVmdk9PN0NEZ3FDRVVsMndyQU54d1p4MVE5WTN5TnFDQWtVRVprQnZ5SVFub3I1NExySE1zd0FacFY1Y3lONHBELXlvUVUxMkwtVHMtTnVEWDBBX1EtSWdlcmtCdFdwOVNnM0ZzUlZaMjFHUTNYQldlOUFsbzBrNkZuY20zWGwyMkR3?oc=5"" target=""_blank"">What AI Slowdown? Nvidia Rallies As Meta, Microsoft Boost Data Center Spending.</a>&nbsp;&nbsp;<font color=""#6f6f6f"">Investor's Business Daily</font>",Investor's Business Daily,https://news.google.com/rss/articles/CBMijgFBVV95cUxPNDJSdFVmdk9PN0NEZ3FDRVVsMndyQU54d1p4MVE5WTN5TnFDQWtVRVprQnZ5SVFub3I1NExySE1zd0FacFY1Y3lONHBELXlvUVUxMkwtVHMtTnVEWDBBX1EtSWdlcmtCdFdwOVNnM0ZzUlZaMjFHUTNYQldlOUFsbzBrNkZuY20zWGwyMkR3?oc=5
2025-05-01 07:00:00,Nvidia CEO Jensen Huang gets first salary raise in a decade - CNBC,"<a href=""https://news.google.com/rss/articles/CBMinAFBVV95cUxNQmJLMkh5cF9PalpXUGk5VEU5bGhIOXhaTExIM21CbDhSTWhac3dHQkxVQ05ubW5Xcnh1NVpIUm1GRDdiTldQdDk5N1E5SlBjcEZWRWVKMXN4VHFWR0JXLTJ1azkzT3BzQmttczJTYmpxWmJZWC0xcS1Xd05ZRmlGRDFrREJEWUJhNkxtWHNZdEI5RFh6UjlRQXNnLWLSAaIBQVVfeXFMTjZDaVk1WXdLSXR2UUZwd3BidDFlQUVrQlZQZUFQaVdhTTNlR09VYW1MUHp4b252czlxR2VmYVNVcm8tczFRcVJnZFZpM1VVTGpuMGRGSXRlQlRhSGFMdFhsLVROOTRlZmxBQVNuOU42UzdOUTB2YW9EM2JQRi1aOGVnRXExZkhHdlB6emllVFBBWEFfSkdIeVA4b2NoUm1PU3Jn?oc=5"" target=""_blank"">Nvidia CEO Jensen Huang gets first salary raise in a decade</a>&nbsp;&nbsp;<font color=""#6f6f6f"">CNBC</font>",CNBC,https://news.google.com/rss/articles/CBMinAFBVV95cUxNQmJLMkh5cF9PalpXUGk5VEU5bGhIOXhaTExIM21CbDhSTWhac3dHQkxVQ05ubW5Xcnh1NVpIUm1GRDdiTldQdDk5N1E5SlBjcEZWRWVKMXN4VHFWR0JXLTJ1azkzT3BzQmttczJTYmpxWmJZWC0xcS1Xd05ZRmlGRDFrREJEWUJhNkxtWHNZdEI5RFh6UjlRQXNnLWLSAaIBQVVfeXFMTjZDaVk1WXdLSXR2UUZwd3BidDFlQUVrQlZQZUFQaVdhTTNlR09VYW1MUHp4b252czlxR2VmYVNVcm8tczFRcVJnZFZpM1VVTGpuMGRGSXRlQlRhSGFMdFhsLVROOTRlZmxBQVNuOU42UzdOUTB2YW9EM2JQRi1aOGVnRXExZkhHdlB6emllVFBBWEFfSkdIeVA4b2NoUm1PU3Jn?oc=5
2025-04-30 07:00:00,Trump’s Next Move on Nvidia Could Be a Costly Mistake - Barron's,"<a href=""https://news.google.com/rss/articles/CBMihgFBVV95cUxPYzZZZ1hLZWpjZjR0R252RnpvOU4xRUtiRU1QNTRiSldhRHRRZEh1dDgybVg4UmFCbjRESk5fZ2pZaFJuNkQ4clg1UkF2OFB2TEVIUTl3VVFaYkdhcGg5UVJnMHhNWnpQQzFYaXAzNmxrbDBUY1dYMFN2S1BGTmR6WWE0a0xlQQ?oc=5"" target=""_blank"">Trump’s Next Move on Nvidia Could Be a Costly Mistake</a>&nbsp;&nbsp;<font color=""#6f6f6f"">Barron's</font>",Barron's,https://news.google.com/rss/articles/CBMihgFBVV95cUxPYzZZZ1hLZWpjZjR0R252RnpvOU4xRUtiRU1QNTRiSldhRHRRZEh1dDgybVg4UmFCbjRESk5fZ2pZaFJuNkQ4clg1UkF2OFB2TEVIUTl3VVFaYkdhcGg5UVJnMHhNWnpQQzFYaXAzNmxrbDBUY1dYMFN2S1BGTmR6WWE0a0xlQQ?oc=5
2025-05-01 07:00:00,May the Cloud Be With You: GeForce NOW Unveils 21 New Games This Month - NVIDIA Blog,"<a href=""https://news.google.com/rss/articles/CBMibEFVX3lxTE5CTm1zck5yOVQ3R01RY2hNZHpZRFVldGI1Tm9KNVAxTzhZVENBeGhsUEZMSnB1NFNXU2JmQ3NvUFJwV1RzS3BtaFZQUmlCekpmRXQtVVBNMTBLNTZfUEt4RGwxQlE1aWhFdzNfSQ?oc=5"" target=""_blank"">May the Cloud Be With You: GeForce NOW Unveils 21 New Games This Month</a>&nbsp;&nbsp;<font color=""#6f6f6f"">NVIDIA Blog</font>",NVIDIA Blog,https://news.google.com/rss/articles/CBMibEFVX3lxTE5CTm1zck5yOVQ3R01RY2hNZHpZRFVldGI1Tm9KNVAxTzhZVENBeGhsUEZMSnB1NFNXU2JmQ3NvUFJwV1RzS3BtaFZQUmlCekpmRXQtVVBNMTBLNTZfUEt4RGwxQlE1aWhFdzNfSQ?oc=5
2025-05-01 07:00:00,"Nvidia CEO Jensen Huang Sounds Alarm As 50% Of AI Researchers Are Chinese, Urges America To Reskill Amid 'Infinite Game' - Yahoo Finance","<a href=""https://news.google.com/rss/articles/CBMiggFBVV95cUxPdkVMeUlPbXFONFhjQlZfNzROMGV0TG9DMUdiR3JzSXdrbUI2VlI4bVhaa0ZmeEpjbjlzZ0VMYzdNaGFlZE1fWTBTek9vbFA4ZWpLaEJPTE9PRlRKdzJtbE9YS1cxX3U1RUpPMUJUMmprYS1tcmVkVXlWN0NRaGQwX1J3?oc=5"" target=""_blank"">Nvidia CEO Jensen Huang Sounds Alarm As 50% Of AI Researchers Are Chinese, Urges America To Reskill Amid 'Infinite Game'</a>&nbsp;&nbsp;<font color=""#6f6f6f"">Yahoo Finance</font>",Yahoo Finance,https://news.google.com/rss/articles/CBMiggFBVV95cUxPdkVMeUlPbXFONFhjQlZfNzROMGV0TG9DMUdiR3JzSXdrbUI2VlI4bVhaa0ZmeEpjbjlzZ0VMYzdNaGFlZE1fWTBTek9vbFA4ZWpLaEJPTE9PRlRKdzJtbE9YS1cxX3U1RUpPMUJUMmprYS1tcmVkVXlWN0NRaGQwX1J3?oc=5
2025-04-30 07:00:00,DOOM: The Dark Ages GeForce RTX 50 Series Bundle Available Now - NVIDIA,"<a href=""https://news.google.com/rss/articles/CBMiqAFBVV95cUxOYnp2OTdVWTZBX180NkpaVV9yZGR2QWRwYnNNdndiRkxmclhuVmhWWDFWYzlVZTlJWFFONTZDZ19UVU9sV010Y3Q1bnBrRDhLWURwM3VfRF95SC10Vmd0MDFDcndwVkxpVkRLTlZiektaRnR3WVlZZVZhNGdZMWM4VGtFTlNRWVRpc2J5dE5nVnhSbFlVMHg4aklVU19lODVudVdFYTFlcW8?oc=5"" target=""_blank"">DOOM: The Dark Ages GeForce RTX 50 Series Bundle Available Now</a>&nbsp;&nbsp;<font color=""#6f6f6f"">NVIDIA</font>",NVIDIA,https://news.google.com/rss/articles/CBMiqAFBVV95cUxOYnp2OTdVWTZBX180NkpaVV9yZGR2QWRwYnNNdndiRkxmclhuVmhWWDFWYzlVZTlJWFFONTZDZ19UVU9sV010Y3Q1bnBrRDhLWURwM3VfRF95SC10Vmd0MDFDcndwVkxpVkRLTlZiektaRnR3WVlZZVZhNGdZMWM4VGtFTlNRWVRpc2J5dE5nVnhSbFlVMHg4aklVU19lODVudVdFYTFlcW8?oc=5
2025-05-01 07:00:00,Nvidia Eyes UAE Export Easing Ahead of Trump Visit - Yahoo Finance,"<a href=""https://news.google.com/rss/articles/CBMigAFBVV95cUxPMjNOdVFxRW5XUDdUd0h2ZjhxZk5BMUwyMTlNZDhTbFN1OGFjc1g5ZFlEREQ1WTN3SlFXamdfOTZGM2ViS2xEdi1rMEhxV2JscWZRd19jUF9lRGFDSnllSDh0bW5JZUNuMkN5QVVwZWFUTi1kdGk4djhTOG9uSWI3ZQ?oc=5"" target=""_blank"">Nvidia Eyes UAE Export Easing Ahead of Trump Visit</a>&nbsp;&nbsp;<font color=""#6f6f6f"">Yahoo Finance</font>",Yahoo Finance,https://news.google.com/rss/articles/CBMigAFBVV95cUxPMjNOdVFxRW5XUDdUd0h2ZjhxZk5BMUwyMTlNZDhTbFN1OGFjc1g5ZFlEREQ1WTN3SlFXamdfOTZGM2ViS2xEdi1rMEhxV2JscWZRd19jUF9lRGFDSnllSDh0bW5JZUNuMkN5QVVwZWFUTi1kdGk4djhTOG9uSWI3ZQ?oc=5
2025-04-30 07:00:00,Nvidia Slashed to Sell by Seaport Research - Yahoo Finance,"<a href=""https://news.google.com/rss/articles/CBMiigFBVV95cUxPY1BRZTh1SVBXbEF5YnBvRUdXT2tGSW1sYXVnTnBXLURGOFJJcjMyUy1paDlVSmRkdW95VmVQQkNyM1JQaTRpY19WSmhseTN2NzZpNFloWmZLNWtJWGxrUWQ5MVVPWHBualpqdU91R3ZkZktyaVc5OTQ5bUlGNnJHMHJjdDU4Q0N3LUE?oc=5"" target=""_blank"">Nvidia Slashed to Sell by Seaport Research</a>&nbsp;&nbsp;<font color=""#6f6f6f"">Yahoo Finance</font>",Yahoo Finance,https://news.google.com/rss/articles/CBMiigFBVV95cUxPY1BRZTh1SVBXbEF5YnBvRUdXT2tGSW1sYXVnTnBXLURGOFJJcjMyUy1paDlVSmRkdW95VmVQQkNyM1JQaTRpY19WSmhseTN2NzZpNFloWmZLNWtJWGxrUWQ5MVVPWHBualpqdU91R3ZkZktyaVc5OTQ5bUlGNnJHMHJjdDU4Q0N3LUE?oc=5
2025-05-01 07:00:00,Stock Market Sell-Off: Should You Buy the Dip on Nvidia Stock? - The Motley Fool,"<a href=""https://news.google.com/rss/articles/CBMimAFBVV95cUxNV3A4a0FHUEhrUFM2ZHpSWk1RUGI1enN1U3c1b0NMUWhIdmZDd1M4bklWRVc3U1lRQjlUeURWOXVLSFVENE9JUDNPdFNTMEcxWU5nWEgzVXVMLTBLRWxiYTFUTnBMRmt6NzNLR3FiZDZmX2g5WGoyXzNuWXZTd2pXN2R5T1dXRDY1ZFBxU3pvOEhVY0xGci14aQ?oc=5"" target=""_blank"">Stock Market Sell-Off: Should You Buy the Dip on Nvidia Stock?</a>&nbsp;&nbsp;<font color=""#6f6f6f"">The Motley Fool</font>",The Motley Fool,https://news.google.com/rss/articles/CBMimAFBVV95cUxNV3A4a0FHUEhrUFM2ZHpSWk1RUGI1enN1U3c1b0NMUWhIdmZDd1M4bklWRVc3U1lRQjlUeURWOXVLSFVENE9JUDNPdFNTMEcxWU5nWEgzVXVMLTBLRWxiYTFUTnBMRmt6NzNLR3FiZDZmX2g5WGoyXzNuWXZTd2pXN2R5T1dXRDY1ZFBxU3pvOEhVY0xGci14aQ?oc=5
2025-04-30 07:00:00,"Nvidia stock drops after Super Micro earnings whiff, Trump looks to change Biden AI trade rule - Yahoo Finance","<a href=""https://news.google.com/rss/articles/CBMi1gFBVV95cUxNM19RSXctVTdsZVZJVUN5bllqWVlHd2NndHNQdEZ6bG1HVEVRczl0MENzQU5YSU5IRFltZTVCTWw2bzlVOXh5Q2FvbzFMX1JaS0JkRGYzZGFqQnZLZFNiYjRRNGlaMFRJSkloUW9MNlJ1cWR3NWRNc1MtM2dEWURPRnFWXzRicGRxUnJqRjZXejBiZzYyUDFXR19KRE1MLTBHMm1LTFFqWkcwUVNrZHZFRERZdW11TEtzOENqYV8wbExuaDYwV01HWmdqOFBCajhrQUE1dklB?oc=5"" target=""_blank"">Nvidia stock drops after Super Micro earnings whiff, Trump looks to change Biden AI trade rule</a>&nbsp;&nbsp;<font color=""#6f6f6f"">Yahoo Finance</font>",Yahoo Finance,https://news.google.com/rss/articles/CBMi1gFBVV95cUxNM19RSXctVTdsZVZJVUN5bllqWVlHd2NndHNQdEZ6bG1HVEVRczl0MENzQU5YSU5IRFltZTVCTWw2bzlVOXh5Q2FvbzFMX1JaS0JkRGYzZGFqQnZLZFNiYjRRNGlaMFRJSkloUW9MNlJ1cWR3NWRNc1MtM2dEWURPRnFWXzRicGRxUnJqRjZXejBiZzYyUDFXR19KRE1MLTBHMm1LTFFqWkcwUVNrZHZFRERZdW11TEtzOENqYV8wbExuaDYwV01HWmdqOFBCajhrQUE1dklB?oc=5
2025-05-01 07:00:00,Anthropic calls for tougher GPU export controls as Nvidia's CEO implores Trump to spread the AI love - theregister.com,"<a href=""https://news.google.com/rss/articles/CBMibEFVX3lxTFBQNVJ2T1UzWXp5RnAzX1ppeFRnWE5KZEVwMjRKUGRkMUFTZzFGNDZxekk3WHNXcVVFZGxMSUVIREFMdWlSNEJFSFBwRTlpQnVoRmd5U21aOWdrRnJuSWw4U2toeU1wdGp6WEhOX9IBckFVX3lxTE51ZElzbS1fa2R0a3hVam1CWjhKWUd1eVFPUk1YckMzX3BGRGNiUFRxLU8ySWdLZmFyUjdCRmx5WTkwXzBKRjNPdlRDYkZ2eHM0Z2dfcGpfaUhlQlM0NkR1RXhSNENaOUdjUVRqVkE0bFJIZw?oc=5"" target=""_blank"">Anthropic calls for tougher GPU export controls as Nvidia's CEO implores Trump to spread the AI love</a>&nbsp;&nbsp;<font color=""#6f6f6f"">theregister.com</font>",theregister.com,https://news.google.com/rss/articles/CBMibEFVX3lxTFBQNVJ2T1UzWXp5RnAzX1ppeFRnWE5KZEVwMjRKUGRkMUFTZzFGNDZxekk3WHNXcVVFZGxMSUVIREFMdWlSNEJFSFBwRTlpQnVoRmd5U21aOWdrRnJuSWw4U2toeU1wdGp6WEhOX9IBckFVX3lxTE51ZElzbS1fa2R0a3hVam1CWjhKWUd1eVFPUk1YckMzX3BGRGNiUFRxLU8ySWdLZmFyUjdCRmx5WTkwXzBKRjNPdlRDYkZ2eHM0Z2dfcGpfaUhlQlM0NkR1RXhSNENaOUdjUVRqVkE0bFJIZw?oc=5
2025-04-30 07:00:00,Nvidia CEO Urges Trump to Change Rules for AI Chip Exports - Bloomberg,"<a href=""https://news.google.com/rss/articles/CBMisgFBVV95cUxPdkpfS3Q2dUpIV3dCWW9hOThDeXZ5YkUxMWQydVdPMjhFWno1aE5TdmwxZWNyNDc1eURxcF84VTM1dUZzdU9zWlh3djBTNFVDMkpzT1pGSVYwaXJrWFNsN2tkMm5ncEhST0wyaTZ1MVRpQWc5a0ljdVh4VzJmYWtoMW9ES2U3VkttX0VOTDB6ZDFPUmFzdXZMYmxSNHRQLUpocFpfVHJUcnNqMld4VkRGSXFB?oc=5"" target=""_blank"">Nvidia CEO Urges Trump to Change Rules for AI Chip Exports</a>&nbsp;&nbsp;<font color=""#6f6f6f"">Bloomberg</font>",Bloomberg,https://news.google.com/rss/articles/CBMisgFBVV95cUxPdkpfS3Q2dUpIV3dCWW9hOThDeXZ5YkUxMWQydVdPMjhFWno1aE5TdmwxZWNyNDc1eURxcF84VTM1dUZzdU9zWlh3djBTNFVDMkpzT1pGSVYwaXJrWFNsN2tkMm5ncEhST0wyaTZ1MVRpQWc5a0ljdVh4VzJmYWtoMW9ES2U3VkttX0VOTDB6ZDFPUmFzdXZMYmxSNHRQLUpocFpfVHJUcnNqMld4VkRGSXFB?oc=5
2025-04-30 07:00:00,"These 2 Chip Stocks Could Be Better Bets Than Nvidia, Analyst Says - Barron's","<a href=""https://news.google.com/rss/articles/CBMiggFBVV95cUxQTFdtWGNQNEJSdS1Qdkw0Y0dTay1TVmVuZnNDSXp4bGp2V1lFUl9YaXpPOTlCMEdrOUNjcFdWQUNBVUtkUEpvN0FhenJQelZ1ZzRYZHVqMTNac1RpT2YtX0R4aTJiYkludThpVGxKajR0dVdRb3JSSjRiV1FpUy12Yjd3?oc=5"" target=""_blank"">These 2 Chip Stocks Could Be Better Bets Than Nvidia, Analyst Says</a>&nbsp;&nbsp;<font color=""#6f6f6f"">Barron's</font>",Barron's,https://news.google.com/rss/articles/CBMiggFBVV95cUxQTFdtWGNQNEJSdS1Qdkw0Y0dTay1TVmVuZnNDSXp4bGp2V1lFUl9YaXpPOTlCMEdrOUNjcFdWQUNBVUtkUEpvN0FhenJQelZ1ZzRYZHVqMTNac1RpT2YtX0R4aTJiYkludThpVGxKajR0dVdRb3JSSjRiV1FpUy12Yjd3?oc=5
2025-04-30 07:00:00,Why Nvidia Stock Is Falling Today - The Motley Fool,"<a href=""https://news.google.com/rss/articles/CBMiggFBVV95cUxQS3QzU2VlandJb3hWcGxjcG96V1BsOGZRTXJwcUI5WmFZSWI3cnNoQnl1QXFOSVRmMnRZRnBwdURDeG9ib1lvMWNkd0pUczdTZElqSTQwc1BMdHF3VG1LOVp6cEJiZG5Ob29VN0hJbWZlSVFZVFNJaWhPbUVhTE5lV0F3?oc=5"" target=""_blank"">Why Nvidia Stock Is Falling Today</a>&nbsp;&nbsp;<font color=""#6f6f6f"">The Motley Fool</font>",The Motley Fool,https://news.google.com/rss/articles/CBMiggFBVV95cUxQS3QzU2VlandJb3hWcGxjcG96V1BsOGZRTXJwcUI5WmFZSWI3cnNoQnl1QXFOSVRmMnRZRnBwdURDeG9ib1lvMWNkd0pUczdTZElqSTQwc1BMdHF3VG1LOVp6cEJiZG5Ob29VN0hJbWZlSVFZVFNJaWhPbUVhTE5lV0F3?oc=5
2025-05-01 07:00:00,Nvidia and other chip stocks are riding AI optimism. Will Amazon’s earnings change that? - MarketWatch,"<a href=""https://news.google.com/rss/articles/CBMixwFBVV95cUxPVW02MUloc1Nac0haQmVzc0ZPa0lDNjM5cUlSUUhBYjI0U1FSaU9wMGhtT0ZIMVVvSEg1X0ljeFB2NVRBQm84a3ZURy1WRXBfQ3Z3YjFFcExUSmNMQjhLclRUYUFHLXc0dEpGdlBDV0ZOa3R2LS1JLXBSbW81bW5VRnRNWGNubFdzTUMwSHVwdWhDVWcwOTYtZ3l0Rlk0VGVfQ0NaWVZzS2tBSjlHMl9vSHFpODZoVkw0RzNYOXZmaW5ZTXhkWDFz?oc=5"" target=""_blank"">Nvidia and other chip stocks are riding AI optimism. Will Amazon’s earnings change that?</a>&nbsp;&nbsp;<font color=""#6f6f6f"">MarketWatch</font>",MarketWatch,https://news.google.com/rss/articles/CBMixwFBVV95cUxPVW02MUloc1Nac0haQmVzc0ZPa0lDNjM5cUlSUUhBYjI0U1FSaU9wMGhtT0ZIMVVvSEg1X0ljeFB2NVRBQm84a3ZURy1WRXBfQ3Z3YjFFcExUSmNMQjhLclRUYUFHLXc0dEpGdlBDV0ZOa3R2LS1JLXBSbW81bW5VRnRNWGNubFdzTUMwSHVwdWhDVWcwOTYtZ3l0Rlk0VGVfQ0NaWVZzS2tBSjlHMl9vSHFpODZoVkw0RzNYOXZmaW5ZTXhkWDFz?oc=5
2025-04-30 07:00:00,"Nvidia CEO says Trump should revise AI chip export rules, Bloomberg News reports - Reuters","<a href=""https://news.google.com/rss/articles/CBMiwgFBVV95cUxPc0JqZlRvdDJHUTNnazA1Z2duaEo5azJEM3J2c0oxdnNwVVNGOWlzb3lZVmduVVN5VDFSbGxOc0dFdS1WQ3c0YlRfVFQ0cjVDZEZTdE5adFUxbXBPeUhLdmFlLW83bVl3RnlEVUtmUExScFVPWTBHZHgtRzlwZ3VQcFBXUTVjVTR2VDhENG1mRTlOOXFnRUotbVZDZjNHeG5hWk9RLXFOWW1kVk9NamhMZ3Blby1lcG0tc0piNmJoQmJTUQ?oc=5"" target=""_blank"">Nvidia CEO says Trump should revise AI chip export rules, Bloomberg News reports</a>&nbsp;&nbsp;<font color=""#6f6f6f"">Reuters</font>",Reuters,https://news.google.com/rss/articles/CBMiwgFBVV95cUxPc0JqZlRvdDJHUTNnazA1Z2duaEo5azJEM3J2c0oxdnNwVVNGOWlzb3lZVmduVVN5VDFSbGxOc0dFdS1WQ3c0YlRfVFQ0cjVDZEZTdE5adFUxbXBPeUhLdmFlLW83bVl3RnlEVUtmUExScFVPWTBHZHgtRzlwZ3VQcFBXUTVjVTR2VDhENG1mRTlOOXFnRUotbVZDZjNHeG5hWk9RLXFOWW1kVk9NamhMZ3Blby1lcG0tc0piNmJoQmJTUQ?oc=5
2025-04-30 07:00:00,"Trump, NVIDIA CEO unveil $500 billion AI investment to build chips in America - Fox Business","<a href=""https://news.google.com/rss/articles/CBMiW0FVX3lxTE1iV1JBck1FQ00xeEFzZlVFZ29vZ3B3SGtlUDJtMWs0cG5kLWhYVl9UVWVsWnFPTTdRQzc1VjQ2YzI2alV2STRoZlJITUVNR1lSRHo2QnVUMnEzYVE?oc=5"" target=""_blank"">Trump, NVIDIA CEO unveil $500 billion AI investment to build chips in America</a>&nbsp;&nbsp;<font color=""#6f6f6f"">Fox Business</font>",Fox Business,https://news.google.com/rss/articles/CBMiW0FVX3lxTE1iV1JBck1FQ00xeEFzZlVFZ29vZ3B3SGtlUDJtMWs0cG5kLWhYVl9UVWVsWnFPTTdRQzc1VjQ2YzI2alV2STRoZlJITUVNR1lSRHo2QnVUMnEzYVE?oc=5
2025-04-30 07:00:00,"Nvidia asks US government to ease AI GPU export rules, but Trump administration plans tighter controls - Tom's Hardware","<a href=""https://news.google.com/rss/articles/CBMi_AFBVV95cUxPczZaVTJhR2FmMGRKRTJoS0YzWm5ZbzBFeldweHBvTlJlcmtYMVFMOW9QS2FFblhyMzRONHh6NEIwYzlhZUN1UmhVenBXVF9BY1lyM2FISUZDdXdrS3dxZmJ0TkFYVjhVWG9sXzZNaDNkQUFRdzlJSGRlRGN4eGY5ZHBkeHlaSkNYM0dXa0h2UVpKYUpWTnhzVDQwcVUxRF9wX1lkN2RWOFhoQTRRVEdwWkNxRXk3dDlBRFFpSTVkUXFma21aTXdLNUNCVGd3QTFlNzN4U3ozb3E1aHJBZzBEcVJobEFlTzhSbzkySHBndnRpR3dOc0hzS3FteUU?oc=5"" target=""_blank"">Nvidia asks US government to ease AI GPU export rules, but Trump administration plans tighter controls</a>&nbsp;&nbsp;<font color=""#6f6f6f"">Tom's Hardware</font>",Tom's Hardware,https://news.google.com/rss/articles/CBMi_AFBVV95cUxPczZaVTJhR2FmMGRKRTJoS0YzWm5ZbzBFeldweHBvTlJlcmtYMVFMOW9QS2FFblhyMzRONHh6NEIwYzlhZUN1UmhVenBXVF9BY1lyM2FISUZDdXdrS3dxZmJ0TkFYVjhVWG9sXzZNaDNkQUFRdzlJSGRlRGN4eGY5ZHBkeHlaSkNYM0dXa0h2UVpKYUpWTnhzVDQwcVUxRF9wX1lkN2RWOFhoQTRRVEdwWkNxRXk3dDlBRFFpSTVkUXFma21aTXdLNUNCVGd3QTFlNzN4U3ozb3E1aHJBZzBEcVJobEFlTzhSbzkySHBndnRpR3dOc0hzS3FteUU?oc=5
2025-05-01 07:00:00,"Nvidia Stock Jumps as Microsoft, Meta Commit to Continued Heavy AI Spending - Investopedia","<a href=""https://news.google.com/rss/articles/CBMisgFBVV95cUxPcnppTkhkY01ZTHo1TmNRb2dwRFVTYkVZcHNDYk9vT3ltWlFvNXBOYjhsRUlHM3hoTDNIek1QYjVjbkx2SFJqVmxqc1A1VUEtVkMtTVR4THBzZk5VMkkwN0FmYldzb05EQWloYmVqTEYwOVJfWU5HclpubEtqVFZyanZvdFVvQVFHTnNSd0hGNDV4UDA2X3htME5wZzdtcFAydHQ1RFhjSnhqQVpWVXdaOV9B?oc=5"" target=""_blank"">Nvidia Stock Jumps as Microsoft, Meta Commit to Continued Heavy AI Spending</a>&nbsp;&nbsp;<font color=""#6f6f6f"">Investopedia</font>",Investopedia,https://news.google.com/rss/articles/CBMisgFBVV95cUxPcnppTkhkY01ZTHo1TmNRb2dwRFVTYkVZcHNDYk9vT3ltWlFvNXBOYjhsRUlHM3hoTDNIek1QYjVjbkx2SFJqVmxqc1A1VUEtVkMtTVR4THBzZk5VMkkwN0FmYldzb05EQWloYmVqTEYwOVJfWU5HclpubEtqVFZyanZvdFVvQVFHTnNSd0hGNDV4UDA2X3htME5wZzdtcFAydHQ1RFhjSnhqQVpWVXdaOV9B?oc=5
2025-05-01 07:00:00,"Despite Nvidia claims, Chinese smugglers have used live lobsters and fake baby bumps to traffic electronics - Tom's Hardware","<a href=""https://news.google.com/rss/articles/CBMi4gFBVV95cUxPczM1OGZfREdiODlwaXRqRmdxd1NmZVcwTktuYVZVUVZQdmhCSERNSW42LU11ek5lajdmZTBjN2NQVnZmMkdFWUhObERTdTg4LWY2OUJ1QjlVX1BpcEN3Q1U4dTJQcmFva2Z0MFNCelFLQVlLVnRfMmpvejQtV180TG5NZzB4djhQT09QRTdmRURLX1VpR2lDQll0WDFUUlE1bW1QZ2lsN2ZUUmdMV3J0Q0R6SWpwNTFoMFRMWU5waExzcjVIZ3cxSjEwX1hSUE5MVmNCLVB0ejZqRmpFc21IdHBB?oc=5"" target=""_blank"">Despite Nvidia claims, Chinese smugglers have used live lobsters and fake baby bumps to traffic electronics</a>&nbsp;&nbsp;<font color=""#6f6f6f"">Tom's Hardware</font>",Tom's Hardware,https://news.google.com/rss/articles/CBMi4gFBVV95cUxPczM1OGZfREdiODlwaXRqRmdxd1NmZVcwTktuYVZVUVZQdmhCSERNSW42LU11ek5lajdmZTBjN2NQVnZmMkdFWUhObERTdTg4LWY2OUJ1QjlVX1BpcEN3Q1U4dTJQcmFva2Z0MFNCelFLQVlLVnRfMmpvejQtV180TG5NZzB4djhQT09QRTdmRURLX1VpR2lDQll0WDFUUlE1bW1QZ2lsN2ZUUmdMV3J0Q0R6SWpwNTFoMFRMWU5waExzcjVIZ3cxSjEwX1hSUE5MVmNCLVB0ejZqRmpFc21IdHBB?oc=5
2025-04-30 07:00:00,Nvidia’s stock gets a rare sell call – due to ‘mounting questions’ about AI - MarketWatch,"<a href=""https://news.google.com/rss/articles/CBMiswFBVV95cUxPMzFxOVBxbTNzV21XM2p1LUdYaXpIaFoybmxXSFNWdk1WZ1Y1eDVaUzJyeUN2MDk3TThxUndYMk5OR3JNWTd0bWFXN0JMT0lvX3YxRkdVVEl6OVBpNTBUNm1PYy15NmlubXp1SEwzMlFpMVhNaG8xYUt0b3Q4TWpaSU9rUHhoTzYwb0JwMWRZUF94bjM2ajJjR1FLS3c5LXZBYUJaN3hOQjNzVmN1R1ltU19INA?oc=5"" target=""_blank"">Nvidia’s stock gets a rare sell call – due to ‘mounting questions’ about AI</a>&nbsp;&nbsp;<font color=""#6f6f6f"">MarketWatch</font>",MarketWatch,https://news.google.com/rss/articles/CBMiswFBVV95cUxPMzFxOVBxbTNzV21XM2p1LUdYaXpIaFoybmxXSFNWdk1WZ1Y1eDVaUzJyeUN2MDk3TThxUndYMk5OR3JNWTd0bWFXN0JMT0lvX3YxRkdVVEl6OVBpNTBUNm1PYy15NmlubXp1SEwzMlFpMVhNaG8xYUt0b3Q4TWpaSU9rUHhoTzYwb0JwMWRZUF94bjM2ajJjR1FLS3c5LXZBYUJaN3hOQjNzVmN1R1ltU19INA?oc=5
2025-04-30 07:00:00,From Kitchen to Drive-Thru: How Yum! Brands Is Accelerating Restaurant Innovation With AI - NVIDIA Blog,"<a href=""https://news.google.com/rss/articles/CBMiYkFVX3lxTE5teXRoeWQ3SEY5TXpaeWVydkw4QVcySzUxUG12WW15cC14R0R0Y1hYU2ltMWhRcVh2RUx0OEZPcTNiRzdvb21xNmdaZEdnQk1rWU9LYkRiTzMzWmVvOFBMSXpR?oc=5"" target=""_blank"">From Kitchen to Drive-Thru: How Yum! Brands Is Accelerating Restaurant Innovation With AI</a>&nbsp;&nbsp;<font color=""#6f6f6f"">NVIDIA Blog</font>",NVIDIA Blog,https://news.google.com/rss/articles/CBMiYkFVX3lxTE5teXRoeWQ3SEY5TXpaeWVydkw4QVcySzUxUG12WW15cC14R0R0Y1hYU2ltMWhRcVh2RUx0OEZPcTNiRzdvb21xNmdaZEdnQk1rWU9LYkRiTzMzWmVvOFBMSXpR?oc=5
2025-05-01 07:00:00,Analyst behind Nvidia's only Sell rating names top AI stock pick - Yahoo Finance,"<a href=""https://news.google.com/rss/articles/CBMihgFBVV95cUxPRW5RY0NxNnRaWlhvZlZGaFpfcGxOcmR0dTVSNUYzWndFOFByVHBOdHVzSFl0VXVEaE9HejB1cVZOUHJqaUJVRWpZUXRySDR5OUVGakt1QlNBREdTdFdhdmF2b0RZOVE3ckJKY2xFY3hma2JvZ3otWTlsZE9vWDR0cklaazI4QQ?oc=5"" target=""_blank"">Analyst behind Nvidia's only Sell rating names top AI stock pick</a>&nbsp;&nbsp;<font color=""#6f6f6f"">Yahoo Finance</font>",Yahoo Finance,https://news.google.com/rss/articles/CBMihgFBVV95cUxPRW5RY0NxNnRaWlhvZlZGaFpfcGxOcmR0dTVSNUYzWndFOFByVHBOdHVzSFl0VXVEaE9HejB1cVZOUHJqaUJVRWpZUXRySDR5OUVGakt1QlNBREdTdFdhdmF2b0RZOVE3ckJKY2xFY3hma2JvZ3otWTlsZE9vWDR0cklaazI4QQ?oc=5
2025-04-30 07:00:00,Nvidia CEO Jensen Huang warns China is 'not behind' in AI - CNBC,"<a href=""https://news.google.com/rss/articles/CBMikgFBVV95cUxQemFPNzhVeEZkRHBNeXpIQl96UTE0Mk84MWJSMTI3VjUwQUo3TkllZFVzWElKM0xncVUyNUw2SldWNERuZmpORVdKX0ZKa2lFc2o3eF9EcW5TMHZ5bGtrM3FHbFJNRTJZNmJ0VXZRZmtTczllaEZOb3MyNGVXSUdZa3BRQjN6MnJTdExuZFl1N190UdIBlwFBVV95cUxNN2VsRU5jeWJLdl9QZVZiUG5UcjFxYklOaHZ1aHU5cDNMejRzLU94OVpRSjkzU1hRdlB0Nm5MR2tUdzE4SnJlODgySmEzUUJiOVE5MGlIcVZRckw4bW45UUhFemhxWk5sT1BrWHh1U1ZQbklkaDVQYzltNFcwdjNGSWx5eF9UYUhQTHAxb29uY2IxX2Z0eURv?oc=5"" target=""_blank"">Nvidia CEO Jensen Huang warns China is 'not behind' in AI</a>&nbsp;&nbsp;<font color=""#6f6f6f"">CNBC</font>",CNBC,https://news.google.com/rss/articles/CBMikgFBVV95cUxQemFPNzhVeEZkRHBNeXpIQl96UTE0Mk84MWJSMTI3VjUwQUo3TkllZFVzWElKM0xncVUyNUw2SldWNERuZmpORVdKX0ZKa2lFc2o3eF9EcW5TMHZ5bGtrM3FHbFJNRTJZNmJ0VXZRZmtTczllaEZOb3MyNGVXSUdZa3BRQjN6MnJTdExuZFl1N190UdIBlwFBVV95cUxNN2VsRU5jeWJLdl9QZVZiUG5UcjFxYklOaHZ1aHU5cDNMejRzLU94OVpRSjkzU1hRdlB0Nm5MR2tUdzE4SnJlODgySmEzUUJiOVE5MGlIcVZRckw4bW45UUhFemhxWk5sT1BrWHh1U1ZQbklkaDVQYzltNFcwdjNGSWx5eF9UYUhQTHAxb29uY2IxX2Z0eURv?oc=5
2025-04-30 07:00:00,Nvidia hit with Sell rating. Analysts say upside is priced in. - Yahoo Finance,"<a href=""https://news.google.com/rss/articles/CBMihAFBVV95cUxOZkpTS05QREZrN3VFM2tsc1hqRDVaQWl1cFhHYnpNUU5ScnB3UUNQcm0yT1BGQUVMMTgxaTY0bVU4cDRURDJJTUNjaE1QUzlfMUZjWnF6QlJnM1FEaUNRS052S2loNW1NWUwxVXlFZldvd29EVVlGVEE2OEgwLVE0ZEpkQjg?oc=5"" target=""_blank"">Nvidia hit with Sell rating. Analysts say upside is priced in.</a>&nbsp;&nbsp;<font color=""#6f6f6f"">Yahoo Finance</font>",Yahoo Finance,https://news.google.com/rss/articles/CBMihAFBVV95cUxOZkpTS05QREZrN3VFM2tsc1hqRDVaQWl1cFhHYnpNUU5ScnB3UUNQcm0yT1BGQUVMMTgxaTY0bVU4cDRURDJJTUNjaE1QUzlfMUZjWnF6QlJnM1FEaUNRS052S2loNW1NWUwxVXlFZldvd29EVVlGVEE2OEgwLVE0ZEpkQjg?oc=5
2025-04-30 07:00:00,Nvidia RTX 50-series demand drops in Germany — cheapest models of all but RTX 5090 priced at MSRP or lower - Tom's Hardware,"<a href=""https://news.google.com/rss/articles/CBMi5wFBVV95cUxNeVY3bkQ0WWZVaXJBekJJS0JDLXZFYWQ5TWItMTdnQzFHTmlVZ0ZQdTU1OUgzRVc5YXM3S3Y0aXZjNWhqb0Mxd2t0S0dYSXVXSjQ1ZjVnUHE1RGFrcG0tSExIdndNcndrdi1NTUVmZkUxd3RYbHdod29TSTVEenN1UXFiY011dkVsVlVHS1ZiUFZiN3hIUWxuLVhFbGE0bURTWERPZm1FX0gtTGwzdWl0WkRHUWFDdTV3WlZGb2RPN2F2Sk91Q180THprYVRvWjM5dUlhOVpRQWVmYkZwcEtKZzBEUjdWLWs?oc=5"" target=""_blank"">Nvidia RTX 50-series demand drops in Germany — cheapest models of all but RTX 5090 priced at MSRP or lower</a>&nbsp;&nbsp;<font color=""#6f6f6f"">Tom's Hardware</font>",Tom's Hardware,https://news.google.com/rss/articles/CBMi5wFBVV95cUxNeVY3bkQ0WWZVaXJBekJJS0JDLXZFYWQ5TWItMTdnQzFHTmlVZ0ZQdTU1OUgzRVc5YXM3S3Y0aXZjNWhqb0Mxd2t0S0dYSXVXSjQ1ZjVnUHE1RGFrcG0tSExIdndNcndrdi1NTUVmZkUxd3RYbHdod29TSTVEenN1UXFiY011dkVsVlVHS1ZiUFZiN3hIUWxuLVhFbGE0bURTWERPZm1FX0gtTGwzdWl0WkRHUWFDdTV3WlZGb2RPN2F2Sk91Q180THprYVRvWjM5dUlhOVpRQWVmYkZwcEtKZzBEUjdWLWs?oc=5
2025-04-30 07:00:00,Washington May Regret Overextended AI Chip Controls - Foreign Policy,"<a href=""https://news.google.com/rss/articles/CBMiggFBVV95cUxQV2N5M21ubnVpb3BWZmRmNmFXYVdzalpXX0hudVBNNVhCeHRpVzVQd25hZUhERUJnbTBQWXJDSldTRHFXZnlhVDJUMXZ5Z2xTbWdXaGpyRkg1dVlsajhaQmZkVjJxcHFrWEx4SDRHdFQ5NTJUZ1lQSE42SmxEY2owRjZR?oc=5"" target=""_blank"">Washington May Regret Overextended AI Chip Controls</a>&nbsp;&nbsp;<font color=""#6f6f6f"">Foreign Policy</font>",Foreign Policy,https://news.google.com/rss/articles/CBMiggFBVV95cUxQV2N5M21ubnVpb3BWZmRmNmFXYVdzalpXX0hudVBNNVhCeHRpVzVQd25hZUhERUJnbTBQWXJDSldTRHFXZnlhVDJUMXZ5Z2xTbWdXaGpyRkg1dVlsajhaQmZkVjJxcHFrWEx4SDRHdFQ5NTJUZ1lQSE42SmxEY2owRjZR?oc=5
2025-04-30 07:00:00,Nvidia Stock Is Pulling Back Today. Here's Why Investors Are Nervous. - The Motley Fool,"<a href=""https://news.google.com/rss/articles/CBMimAFBVV95cUxQWU1tX0xMQzhoUnRheDdvQVNnMURyNW5NY0VONFV3TTR2YlRNU1pGSFJfcUJfMEJrb1RTajJ2d091bkxtbENUUGlIOENhNU5DblNZeVBKcUMtVXhVdlUyZU1HNTlMVXBhQkRiYjdRakVXYWtRVnhSYlM3Y3ZVOGY3cEE5TlhJUzNBOVpwYWVETUN3dXBrT3QxRg?oc=5"" target=""_blank"">Nvidia Stock Is Pulling Back Today. Here's Why Investors Are Nervous.</a>&nbsp;&nbsp;<font color=""#6f6f6f"">The Motley Fool</font>",The Motley Fool,https://news.google.com/rss/articles/CBMimAFBVV95cUxQWU1tX0xMQzhoUnRheDdvQVNnMURyNW5NY0VONFV3TTR2YlRNU1pGSFJfcUJfMEJrb1RTajJ2d091bkxtbENUUGlIOENhNU5DblNZeVBKcUMtVXhVdlUyZU1HNTlMVXBhQkRiYjdRakVXYWtRVnhSYlM3Y3ZVOGY3cEE5TlhJUzNBOVpwYWVETUN3dXBrT3QxRg?oc=5
2025-05-01 07:00:00,Why Is Nvidia Stock Surging Today? - Fingerlakes1.com,"<a href=""https://news.google.com/rss/articles/CBMif0FVX3lxTE5FSFAxT3EwOEozLVZaUFJuS204RmxfdGtIVnVwanBOdm5sTGVuMDczMmlWcWlJZ0pLaWZQUGFkdXowdER4ZVdBV3NMbDdfUWxra3RZbmVXZk5jMlJYOHl4aEFZdERJU3lVUVctdzkzWWZqcDNfNHNwanJjZnlMRlU?oc=5"" target=""_blank"">Why Is Nvidia Stock Surging Today?</a>&nbsp;&nbsp;<font color=""#6f6f6f"">Fingerlakes1.com</font>",Fingerlakes1.com,https://news.google.com/rss/articles/CBMif0FVX3lxTE5FSFAxT3EwOEozLVZaUFJuS204RmxfdGtIVnVwanBOdm5sTGVuMDczMmlWcWlJZ0pLaWZQUGFkdXowdER4ZVdBV3NMbDdfUWxra3RZbmVXZk5jMlJYOHl4aEFZdERJU3lVUVctdzkzWWZqcDNfNHNwanJjZnlMRlU?oc=5
2025-04-30 07:00:00,"Nvidia is still a buy, 'far ahead' of competitors: Analyst - Yahoo Finance","<a href=""https://news.google.com/rss/articles/CBMifkFVX3lxTFBONVpZa05ja2VTaVZpMDhLMDJwdnpMdEhGQXBpb3FDb0dZc2JVMzUxbGlMT2c3bkVRb1pLTnM0YmFqcGVxUHA4YjFsaWZXVXlxTTV2N0k3VjVzVEYtT3l0Zlo3LXhDNkZzU3FGRUJCZlZkMEFNMjJPdHNlRFFaZw?oc=5"" target=""_blank"">Nvidia is still a buy, 'far ahead' of competitors: Analyst</a>&nbsp;&nbsp;<font color=""#6f6f6f"">Yahoo Finance</font>",Yahoo Finance,https://news.google.com/rss/articles/CBMifkFVX3lxTFBONVpZa05ja2VTaVZpMDhLMDJwdnpMdEhGQXBpb3FDb0dZc2JVMzUxbGlMT2c3bkVRb1pLTnM0YmFqcGVxUHA4YjFsaWZXVXlxTTV2N0k3VjVzVEYtT3l0Zlo3LXhDNkZzU3FGRUJCZlZkMEFNMjJPdHNlRFFaZw?oc=5
2025-05-01 07:00:00,Nvidia takes aim at Anthropic’s support of chip export controls - TechCrunch,"<a href=""https://news.google.com/rss/articles/CBMingFBVV95cUxOVkZXRUJPdk5KaDdiZGU0MEtzQlJZMHQwdkROTFBtNG9iVlVvYXZ5S0d4WlBXQWcxamUtRFMzMDRHZlVYVXVoVTJWSi14eEpJVWdwNGxXN0h6NmdmY1NKQUxsWUotRzNFd3VfOHJiNERtTVVpV3ltQnRrRllCN01TUXBDNkc1bS0zODhhYlNzU1dUeFdHUU5lSHdSZDJnUQ?oc=5"" target=""_blank"">Nvidia takes aim at Anthropic’s support of chip export controls</a>&nbsp;&nbsp;<font color=""#6f6f6f"">TechCrunch</font>",TechCrunch,https://news.google.com/rss/articles/CBMingFBVV95cUxOVkZXRUJPdk5KaDdiZGU0MEtzQlJZMHQwdkROTFBtNG9iVlVvYXZ5S0d4WlBXQWcxamUtRFMzMDRHZlVYVXVoVTJWSi14eEpJVWdwNGxXN0h6NmdmY1NKQUxsWUotRzNFd3VfOHJiNERtTVVpV3ltQnRrRllCN01TUXBDNkc1bS0zODhhYlNzU1dUeFdHUU5lSHdSZDJnUQ?oc=5
2025-04-30 17:02:54,"NVIDIA is working with its manufacturing partners to design and build factories that, for the first time, will produce NVIDIA AI supercomputers entirely in the U.S. - Virtual Builders Exchange","<a href=""https://news.google.com/rss/articles/CBMipgFBVV95cUxPbkptUkxTSEJLNUVqd1U3OGVLUjh6WFdqSVdkMXlUUDFEd3Awczk2Q3YxaHpBZDEzd3JwQzdFdU1UcElYLS1PVXhtQzVLMS1DYlpEQUtXSTZPU3dBV1NaY2xKWnloa2pqejlWU2FuTHN4MkQ0V3hCTHdNT2tLU3FWaWZVTWx0NUk3UmI2QnZud25xVXdLMzA0TkgyNXh4Nkt6bkR3OWt3?oc=5"" target=""_blank"">NVIDIA is working with its manufacturing partners to design and build factories that, for the first time, will produce NVIDIA AI supercomputers entirely in the U.S.</a>&nbsp;&nbsp;<font color=""#6f6f6f"">Virtual Builders Exchange</font>",Virtual Builders Exchange,https://news.google.com/rss/articles/CBMipgFBVV95cUxPbkptUkxTSEJLNUVqd1U3OGVLUjh6WFdqSVdkMXlUUDFEd3Awczk2Q3YxaHpBZDEzd3JwQzdFdU1UcElYLS1PVXhtQzVLMS1DYlpEQUtXSTZPU3dBV1NaY2xKWnloa2pqejlWU2FuTHN4MkQ0V3hCTHdNT2tLU3FWaWZVTWx0NUk3UmI2QnZud25xVXdLMzA0TkgyNXh4Nkt6bkR3OWt3?oc=5
2025-04-30 07:00:00,"Jensen Huang said the US and China are 'very, very close' in the chip race - Business Insider","<a href=""https://news.google.com/rss/articles/CBMikwFBVV95cUxOM0Y4RFBjS0FCV0NaOGJIVmNTbmZ5NHRpSkFfRnhycTEtRUE1Wnp3djdwV2FyQTE1cTJTVURiYm9kR25CUHZCNUNWQ3oxN1Y0Umg3MDEyZF9lVTh4TGl4N0M2TDBnLUFkQkFiY1h4R0dSSzdhajE1aDJQSjFFZjM5c1pKREtfUFpPRFJtMldRb2E2YkU?oc=5"" target=""_blank"">Jensen Huang said the US and China are 'very, very close' in the chip race</a>&nbsp;&nbsp;<font color=""#6f6f6f"">Business Insider</font>",Business Insider,https://news.google.com/rss/articles/CBMikwFBVV95cUxOM0Y4RFBjS0FCV0NaOGJIVmNTbmZ5NHRpSkFfRnhycTEtRUE1Wnp3djdwV2FyQTE1cTJTVURiYm9kR25CUHZCNUNWQ3oxN1Y0Umg3MDEyZF9lVTh4TGl4N0M2TDBnLUFkQkFiY1h4R0dSSzdhajE1aDJQSjFFZjM5c1pKREtfUFpPRFJtMldRb2E2YkU?oc=5
2025-04-30 07:00:00,NVIDIA Announces Q1 Earnings Call Details: Get Early Access to CFO Financial Commentary - Stock Titan,"<a href=""https://news.google.com/rss/articles/CBMirwFBVV95cUxPb2ZjYlRVTUxUM3AxTGZPa3hpdXlJbm1OWjFZMFU5TDdCaGEwSG5UTkluR09GNm5vdzRxVWE3U2tKOEZXQ2RHZXU0enpIV3ZiaDRHMVJENHY0TkFEU2pXUWRNOE1BVXRES0x2TjVKZEFPVEcwNjd5d05ObVBBMU1CckNGRHZsRlVhQ01McVVEVUxCa3VWR01BVm5mQzRDMXJiYzZQcFktSms0MDh5T1hz?oc=5"" target=""_blank"">NVIDIA Announces Q1 Earnings Call Details: Get Early Access to CFO Financial Commentary</a>&nbsp;&nbsp;<font color=""#6f6f6f"">Stock Titan</font>",Stock Titan,https://news.google.com/rss/articles/CBMirwFBVV95cUxPb2ZjYlRVTUxUM3AxTGZPa3hpdXlJbm1OWjFZMFU5TDdCaGEwSG5UTkluR09GNm5vdzRxVWE3U2tKOEZXQ2RHZXU0enpIV3ZiaDRHMVJENHY0TkFEU2pXUWRNOE1BVXRES0x2TjVKZEFPVEcwNjd5d05ObVBBMU1CckNGRHZsRlVhQ01McVVEVUxCa3VWR01BVm5mQzRDMXJiYzZQcFktSms0MDh5T1hz?oc=5
2025-04-30 07:00:00,Nvidia gets a rare sell rating from Wall Street - CNBC,"<a href=""https://news.google.com/rss/articles/CBMijAFBVV95cUxPU1FwczJpaXEzbHZhQVJ2a0Q1b1lxRVcwOWVLeVp1Z0tOT21wSHQycDhyRFY2YlpzU21pRV9zaDRoTW8yNGhsUUo4NzdVZUdtZ29zNmR1b0NTajl6MktxbnBzOFNHS1o4d0QyYS1QRF92ZzVzR0ZyYVBOZEJWN3lNbjVtRDNDQnRaQjFkSA?oc=5"" target=""_blank"">Nvidia gets a rare sell rating from Wall Street</a>&nbsp;&nbsp;<font color=""#6f6f6f"">CNBC</font>",CNBC,https://news.google.com/rss/articles/CBMijAFBVV95cUxPU1FwczJpaXEzbHZhQVJ2a0Q1b1lxRVcwOWVLeVp1Z0tOT21wSHQycDhyRFY2YlpzU21pRV9zaDRoTW8yNGhsUUo4NzdVZUdtZ29zNmR1b0NTajl6MktxbnBzOFNHS1o4d0QyYS1QRF92ZzVzR0ZyYVBOZEJWN3lNbjVtRDNDQnRaQjFkSA?oc=5
2025-05-01 07:00:00,Wandercraft Begins Clinical Trials for Physical AI-Powered Personal Exoskeleton - NVIDIA Blog,"<a href=""https://news.google.com/rss/articles/CBMiZEFVX3lxTFBHMkp3VEZlVjZ3MmJQeUowOEVNYlJFbmczaFlEdVpob3dxenZMNDlOMVVrSkJBLTJQclBoXzYyeWd3czl5Yy1GSHFBajU1dTZhVWJ5Z2xQanpaRFJRLUFNSXoxVXU?oc=5"" target=""_blank"">Wandercraft Begins Clinical Trials for Physical AI-Powered Personal Exoskeleton</a>&nbsp;&nbsp;<font color=""#6f6f6f"">NVIDIA Blog</font>",NVIDIA Blog,https://news.google.com/rss/articles/CBMiZEFVX3lxTFBHMkp3VEZlVjZ3MmJQeUowOEVNYlJFbmczaFlEdVpob3dxenZMNDlOMVVrSkJBLTJQclBoXzYyeWd3czl5Yy1GSHFBajU1dTZhVWJ5Z2xQanpaRFJRLUFNSXoxVXU?oc=5
2025-05-01 07:00:00,Nvidia Is Jumping Today -- Is the Artificial Intelligence (AI) Stock a Buy? - The Motley Fool,"<a href=""https://news.google.com/rss/articles/CBMimAFBVV95cUxOdVFaNnc3Y0FKWDdfOHVudmVlQTZXcVBCYl9Sd3cya2ZRZ1JWMlB2TDZwNFk4a3BtWnpfcW9WdW5meDFPYkFrY25OVmxmV2ZTbWZZTEF6TFVZNE92RERZSXBLdEgtVUZTNnhXWkhfY2EzcV9Dai1fSE4wd2JZdWxTN3pXVVdMYUY1M3lPVGc3NGhOXzl6bE4xSw?oc=5"" target=""_blank"">Nvidia Is Jumping Today -- Is the Artificial Intelligence (AI) Stock a Buy?</a>&nbsp;&nbsp;<font color=""#6f6f6f"">The Motley Fool</font>",The Motley Fool,https://news.google.com/rss/articles/CBMimAFBVV95cUxOdVFaNnc3Y0FKWDdfOHVudmVlQTZXcVBCYl9Sd3cya2ZRZ1JWMlB2TDZwNFk4a3BtWnpfcW9WdW5meDFPYkFrY25OVmxmV2ZTbWZZTEF6TFVZNE92RERZSXBLdEgtVUZTNnhXWkhfY2EzcV9Dai1fSE4wd2JZdWxTN3pXVVdMYUY1M3lPVGc3NGhOXzl6bE4xSw?oc=5
2025-05-01 07:00:00,"NVIDIA's latest GeForce GPU driver fixes bugs it introduced with a previous release, including ""grey screen crashes"" - Windows Central","<a href=""https://news.google.com/rss/articles/CBMipAFBVV95cUxOSkxzTVRjdTd6dm00cS01TmRpOFQxNUEyOXd3MGdpdmx1SktfWVdIdDhCN1hJV2NUbkNWT3F6YVlrcmxWTWJhYS1jd2pJTkdzS01GWjFoWnp5RTJKUHpDS3ZMV2p0c2tpTG5vemg1eFdMUEVScDZJdDZnWEdkRnRxSmJRUmZ5WG1teE4wY0VmWVZjZzVTbkJUSkVQRng1RmQyOTZiNw?oc=5"" target=""_blank"">NVIDIA's latest GeForce GPU driver fixes bugs it introduced with a previous release, including ""grey screen crashes""</a>&nbsp;&nbsp;<font color=""#6f6f6f"">Windows Central</font>",Windows Central,https://news.google.com/rss/articles/CBMipAFBVV95cUxOSkxzTVRjdTd6dm00cS01TmRpOFQxNUEyOXd3MGdpdmx1SktfWVdIdDhCN1hJV2NUbkNWT3F6YVlrcmxWTWJhYS1jd2pJTkdzS01GWjFoWnp5RTJKUHpDS3ZMV2p0c2tpTG5vemg1eFdMUEVScDZJdDZnWEdkRnRxSmJRUmZ5WG1teE4wY0VmWVZjZzVTbkJUSkVQRng1RmQyOTZiNw?oc=5
2025-04-30 07:00:00,Should Investors Worry About Nvidia's Future in China? - The Motley Fool,"<a href=""https://news.google.com/rss/articles/CBMikgFBVV95cUxPYjZ3QVE1N0NYbk4tQ2ZyMlZ4REp1RXNvRmZHWXdlTWp0emc1R2ptRWJYTTVaeFRFSHVwN1o2dkZuY1VmMkFtZXZfR1VvQV8yS1c2TV85RFU0ODRZNjZRWkdSVF83X2FSZlJPaENrUjJOSER4Y2FQNmsxUk9QVlJFcFBIMFFXQnpjTnRqZFV1ZDNuUQ?oc=5"" target=""_blank"">Should Investors Worry About Nvidia's Future in China?</a>&nbsp;&nbsp;<font color=""#6f6f6f"">The Motley Fool</font>",The Motley Fool,https://news.google.com/rss/articles/CBMikgFBVV95cUxPYjZ3QVE1N0NYbk4tQ2ZyMlZ4REp1RXNvRmZHWXdlTWp0emc1R2ptRWJYTTVaeFRFSHVwN1o2dkZuY1VmMkFtZXZfR1VvQV8yS1c2TV85RFU0ODRZNjZRWkdSVF83X2FSZlJPaENrUjJOSER4Y2FQNmsxUk9QVlJFcFBIMFFXQnpjTnRqZFV1ZDNuUQ?oc=5
2025-05-01 07:00:00,Dallas College students hope to build industry of the future as NVIDIA plant comes to Dallas - NBC 5 Dallas-Fort Worth,"<a href=""https://news.google.com/rss/articles/CBMisAFBVV95cUxQUzM2YWhDSGtJZk5HcnY4NFRUNk92bktURk80REx5cmF6bV9MOHFaaF90cEFZZWdSNkZFUG55TF9yaFVVcHlnRkdMaUxTdzhBQ1VJX19LSElSRmZUaTJZaVdBWmxQdTJvbjVaMDF5SmpJLVFEdl8xTzJ2M2F5bl9PNnhiOUF6UzVKVEdhYXVLYmxxc2hFa1pLbmJubHh2a1hxQXRjZkRwMWlKZm9QTXlaSNIBuAFBVV95cUxPSjcza2daV3liSm84dlJoWnByOUNMeVBHNEh4bVlmVmZFRUxpc0o0LXNiYWlTQXVNcmJlTEdHS29jZjFmaTl3cVZKR1V2M1VrX3pkaDNFTmYyMVlBNTRfR2tRdVFuS0NrZ3J5dWpQOWdSM013WHJTVlZrTENHenpKTHhVMktrWGFlNmlMZ3RQemNzSmxlTnBYSE5WUzRnczBiVXFRTl9PMWdMdXJjUVNGeEE3d0JvUmpi?oc=5"" target=""_blank"">Dallas College students hope to build industry of the future as NVIDIA plant comes to Dallas</a>&nbsp;&nbsp;<font color=""#6f6f6f"">NBC 5 Dallas-Fort Worth</font>",NBC 5 Dallas-Fort Worth,https://news.google.com/rss/articles/CBMisAFBVV95cUxQUzM2YWhDSGtJZk5HcnY4NFRUNk92bktURk80REx5cmF6bV9MOHFaaF90cEFZZWdSNkZFUG55TF9yaFVVcHlnRkdMaUxTdzhBQ1VJX19LSElSRmZUaTJZaVdBWmxQdTJvbjVaMDF5SmpJLVFEdl8xTzJ2M2F5bl9PNnhiOUF6UzVKVEdhYXVLYmxxc2hFa1pLbmJubHh2a1hxQXRjZkRwMWlKZm9QTXlaSNIBuAFBVV95cUxPSjcza2daV3liSm84dlJoWnByOUNMeVBHNEh4bVlmVmZFRUxpc0o0LXNiYWlTQXVNcmJlTEdHS29jZjFmaTl3cVZKR1V2M1VrX3pkaDNFTmYyMVlBNTRfR2tRdVFuS0NrZ3J5dWpQOWdSM013WHJTVlZrTENHenpKTHhVMktrWGFlNmlMZ3RQemNzSmxlTnBYSE5WUzRnczBiVXFRTl9PMWdMdXJjUVNGeEE3d0JvUmpi?oc=5
2025-05-01 07:00:00,The Best Nvidia Graphics Card For Gaming In 2025 (According To Users) - SlashGear,"<a href=""https://news.google.com/rss/articles/CBMiggFBVV95cUxPaGlkb0VKVmNBMzBLXzFZTEExc1ROajJvY1dQX21FSjR4RmJlbzNuUW9GUjhUT3ZiZEVzN0hUNmkxZnJ5QjloZUZmTm9mbGFBeWs0SDFnT2tRUlNaY3ZubFBnYWVrTW9SaHhKTk9wVEFCb04tQnVianc4VDBOWEhYekpB?oc=5"" target=""_blank"">The Best Nvidia Graphics Card For Gaming In 2025 (According To Users)</a>&nbsp;&nbsp;<font color=""#6f6f6f"">SlashGear</font>",SlashGear,https://news.google.com/rss/articles/CBMiggFBVV95cUxPaGlkb0VKVmNBMzBLXzFZTEExc1ROajJvY1dQX21FSjR4RmJlbzNuUW9GUjhUT3ZiZEVzN0hUNmkxZnJ5QjloZUZmTm9mbGFBeWs0SDFnT2tRUlNaY3ZubFBnYWVrTW9SaHhKTk9wVEFCb04tQnVianc4VDBOWEhYekpB?oc=5
2025-04-30 07:00:00,Nvidia Stock Surges After Hours: What's Going On? - NVIDIA (NASDAQ:NVDA) - Benzinga,"<a href=""https://news.google.com/rss/articles/CBMiogFBVV95cUxNdWZDUi10amp0aDZBaURMWlNVWUZqeFRqMDZ5bHdpNHlDeld5NDEwOEgtTkd6WXBqS0xpV1ppN0pLbE5XR2hSUVhzZGpvWTB5MkFqTEsxSnBoOGVMQXNBWUJrcHR2ajI2WUVJblFjMUUxNGl5SjNiM3doSXdhMHFLaUhVTXE4VlZtOGpiamZvY3ZIVlUwV19OVHo1SW55ajlrekE?oc=5"" target=""_blank"">Nvidia Stock Surges After Hours: What's Going On? - NVIDIA (NASDAQ:NVDA)</a>&nbsp;&nbsp;<font color=""#6f6f6f"">Benzinga</font>",Benzinga,https://news.google.com/rss/articles/CBMiogFBVV95cUxNdWZDUi10amp0aDZBaURMWlNVWUZqeFRqMDZ5bHdpNHlDeld5NDEwOEgtTkd6WXBqS0xpV1ppN0pLbE5XR2hSUVhzZGpvWTB5MkFqTEsxSnBoOGVMQXNBWUJrcHR2ajI2WUVJblFjMUUxNGl5SjNiM3doSXdhMHFLaUhVTXE4VlZtOGpiamZvY3ZIVlUwV19OVHo1SW55ajlrekE?oc=5
2025-04-30 07:00:00,Free DOOM: The Dark Ages Premium Edition? NVIDIA is making it happen. - Windows Central,"<a href=""https://news.google.com/rss/articles/CBMioAFBVV95cUxOSmlYYS1mQ0psWU9RZkdBdk52X0VSSHBIemtzZXJjb0pabTlkb1ZwZjNqM2JyaG8xMzhtSVVqS2xaaVlJSlN1UDk1UDdNalZHUTdKaWw0cnhIdUlYX2duLXBhRU9KZUI3WUlWc0FhTVhoTWZwbFk3SnE3WEx4MUlPTGVIdEZaeURvckliSTdyWnR3b0pxM2doOG94QVE4N2Vw?oc=5"" target=""_blank"">Free DOOM: The Dark Ages Premium Edition? NVIDIA is making it happen.</a>&nbsp;&nbsp;<font color=""#6f6f6f"">Windows Central</font>",Windows Central,https://news.google.com/rss/articles/CBMioAFBVV95cUxOSmlYYS1mQ0psWU9RZkdBdk52X0VSSHBIemtzZXJjb0pabTlkb1ZwZjNqM2JyaG8xMzhtSVVqS2xaaVlJSlN1UDk1UDdNalZHUTdKaWw0cnhIdUlYX2duLXBhRU9KZUI3WUlWc0FhTVhoTWZwbFk3SnE3WEx4MUlPTGVIdEZaeURvckliSTdyWnR3b0pxM2doOG94QVE4N2Vw?oc=5
2025-05-01 07:00:00,NVIDIA and Anthropic Clash Over AI Chip Export Controls - Maginative,"<a href=""https://news.google.com/rss/articles/CBMilgFBVV95cUxPM0tpd09jVWZBMVlaMDNFZW9pVGVtc1dyV0piTU4wRng5SDVDbk14SC1XVkdFNUNXZzQzeEdpUUxYV1o0OTJhcFFDOEwteVVRMXpfSXducUNxRW1kZENYYmZsMlozWnZKUDZELWQtdkhoekFBaFRMOTI5RlByeEtnUnQwZVBXZ253cXUwNmdtZWx6ZGdRQkE?oc=5"" target=""_blank"">NVIDIA and Anthropic Clash Over AI Chip Export Controls</a>&nbsp;&nbsp;<font color=""#6f6f6f"">Maginative</font>",Maginative,https://news.google.com/rss/articles/CBMilgFBVV95cUxPM0tpd09jVWZBMVlaMDNFZW9pVGVtc1dyV0piTU4wRng5SDVDbk14SC1XVkdFNUNXZzQzeEdpUUxYV1o0OTJhcFFDOEwteVVRMXpfSXducUNxRW1kZENYYmZsMlozWnZKUDZELWQtdkhoekFBaFRMOTI5RlByeEtnUnQwZVBXZ253cXUwNmdtZWx6ZGdRQkE?oc=5
2025-05-01 07:00:00,"What investors are overlooking at Nvidia, Apple and a cruise-line operator, according to this fund manager - MarketWatch","<a href=""https://news.google.com/rss/articles/CBMi4AFBVV95cUxOZVdaeEl2QjFPV0R1ckdLdzhCU0Q1d1lFQWdUdGpLLTBlY01jd2VYZTlLQTkxUEJQWGtxajVfWk9QZ0haUnhyYURpQ2JweXp0MjJxaUdZcjRwVFBuRHZlR1lmT183RGtfTnNLT1MxS25VbWVCYV9qSVU0b0xyeVRkU3JEUnZLZE8ta3llZEw2bFFRcnNtUUNRRXc4d0JKajc4VEFhTThKb2lhSWVDZUM0c19Lb21ZUG1zZEZ1STVSdFQ4d3V4UG1lOVBFbm1TWDZmaEVyUEh6aF9kZ3FTMkxQWQ?oc=5"" target=""_blank"">What investors are overlooking at Nvidia, Apple and a cruise-line operator, according to this fund manager</a>&nbsp;&nbsp;<font color=""#6f6f6f"">MarketWatch</font>",MarketWatch,https://news.google.com/rss/articles/CBMi4AFBVV95cUxOZVdaeEl2QjFPV0R1ckdLdzhCU0Q1d1lFQWdUdGpLLTBlY01jd2VYZTlLQTkxUEJQWGtxajVfWk9QZ0haUnhyYURpQ2JweXp0MjJxaUdZcjRwVFBuRHZlR1lmT183RGtfTnNLT1MxS25VbWVCYV9qSVU0b0xyeVRkU3JEUnZLZE8ta3llZEw2bFFRcnNtUUNRRXc4d0JKajc4VEFhTThKb2lhSWVDZUM0c19Lb21ZUG1zZEZ1STVSdFQ4d3V4UG1lOVBFbm1TWDZmaEVyUEh6aF9kZ3FTMkxQWQ?oc=5
2025-04-30 07:00:00,"Down 83% After Nvidia Hype Fades, Is WeRide a Buy Now? - 24/7 Wall St.","<a href=""https://news.google.com/rss/articles/CBMimwFBVV95cUxPdjV1RWk2blI5NElCVmF5eElFWnVoTjFoSi1YcWVkaGdmeVZGMkpzQm81YXNoNHVBOEM5WDJ6U2FKWmlzeW1mWHdQUncwMTdmUlhhd29ld0QwcGZEUmdValNnblV3WDBZYXFNaElzZnBUb2dsYUl3TTBpYkNfOHdmRTI5VVFGMVQzYVFOcUdhU0dOZThfOXVGVnA1UQ?oc=5"" target=""_blank"">Down 83% After Nvidia Hype Fades, Is WeRide a Buy Now?</a>&nbsp;&nbsp;<font color=""#6f6f6f"">24/7 Wall St.</font>",24/7 Wall St.,https://news.google.com/rss/articles/CBMimwFBVV95cUxPdjV1RWk2blI5NElCVmF5eElFWnVoTjFoSi1YcWVkaGdmeVZGMkpzQm81YXNoNHVBOEM5WDJ6U2FKWmlzeW1mWHdQUncwMTdmUlhhd29ld0QwcGZEUmdValNnblV3WDBZYXFNaElzZnBUb2dsYUl3TTBpYkNfOHdmRTI5VVFGMVQzYVFOcUdhU0dOZThfOXVGVnA1UQ?oc=5
2025-04-30 07:00:00,Nvidia is in a tough spot as CEO Huang warns of rising Chinese competition on AI - CNBC,"<a href=""https://news.google.com/rss/articles/CBMiqwFBVV95cUxORkR6ZV9QcWVxT2FCZ01HdF9DOE52Q1pGbDkxNk9sa3NoRWVMOWI3b1hIR1c2VnZSRWs2enZndW5SNjkxMWNzMWxYU2JPZVhoQmtVZzRvZkEtRXNVZGNPM3BmREdsbURPYWJ5ek5YNmkwRHRRU0FCTV9MUFJoTnJMckxVT1ZXYVhpVHRkRFp0SXpSdEVWR3N6ZE0zRVJoMlJWQXRoWnpvS1ByNEE?oc=5"" target=""_blank"">Nvidia is in a tough spot as CEO Huang warns of rising Chinese competition on AI</a>&nbsp;&nbsp;<font color=""#6f6f6f"">CNBC</font>",CNBC,https://news.google.com/rss/articles/CBMiqwFBVV95cUxORkR6ZV9QcWVxT2FCZ01HdF9DOE52Q1pGbDkxNk9sa3NoRWVMOWI3b1hIR1c2VnZSRWs2enZndW5SNjkxMWNzMWxYU2JPZVhoQmtVZzRvZkEtRXNVZGNPM3BmREdsbURPYWJ5ek5YNmkwRHRRU0FCTV9MUFJoTnJMckxVT1ZXYVhpVHRkRFp0SXpSdEVWR3N6ZE0zRVJoMlJWQXRoWnpvS1ByNEE?oc=5
2025-05-01 07:00:00,"‘Don’t Miss the Next Leg Higher,’ Says Investor About Nvidia Stock - TipRanks","<a href=""https://news.google.com/rss/articles/CBMilwFBVV95cUxNZWkwNnROcWgzaFl0MUdvQTVlTzJxV2U5Y1JUaFdsTXNvVmNPazlmb0FvSnNaU2dGM1NlbnJZVXd6Y20ya0lUWGRPcVR4ek84QUtvRVV1akRHWVRUcVZ0cTBjbjBHUldQMjROZlFqSWRmUHh6ZjFveWl4RXNqOWxoZXFxSF9FZ2FSQU5la01GSEdSaWVRdlQw?oc=5"" target=""_blank"">‘Don’t Miss the Next Leg Higher,’ Says Investor About Nvidia Stock</a>&nbsp;&nbsp;<font color=""#6f6f6f"">TipRanks</font>",TipRanks,https://news.google.com/rss/articles/CBMilwFBVV95cUxNZWkwNnROcWgzaFl0MUdvQTVlTzJxV2U5Y1JUaFdsTXNvVmNPazlmb0FvSnNaU2dGM1NlbnJZVXd6Y20ya0lUWGRPcVR4ek84QUtvRVV1akRHWVRUcVZ0cTBjbjBHUldQMjROZlFqSWRmUHh6ZjFveWl4RXNqOWxoZXFxSF9FZ2FSQU5la01GSEdSaWVRdlQw?oc=5
2025-04-30 07:00:00,"Grab a free copy of Doom The Dark Ages, thanks to this new Nvidia offer - PCGamesN","<a href=""https://news.google.com/rss/articles/CBMiaEFVX3lxTE1VNUVacC1CMi1nczF2U2JxdUZMd0k0bEViTV9KdllNZlNDWmJlNWR0bC1teTRYajZPWlFhTHFXLXczb0xwTi0xMm1tTW1MbFUtdDBCNmtUR0JKVlFuRnpIZlpzSEVRaXZU?oc=5"" target=""_blank"">Grab a free copy of Doom The Dark Ages, thanks to this new Nvidia offer</a>&nbsp;&nbsp;<font color=""#6f6f6f"">PCGamesN</font>",PCGamesN,https://news.google.com/rss/articles/CBMiaEFVX3lxTE1VNUVacC1CMi1nczF2U2JxdUZMd0k0bEViTV9KdllNZlNDWmJlNWR0bC1teTRYajZPWlFhTHFXLXczb0xwTi0xMm1tTW1MbFUtdDBCNmtUR0JKVlFuRnpIZlpzSEVRaXZU?oc=5
2025-05-01 07:00:00,NVIDIA RTX PRO 6000 Blackwell Workstation GPU design has even denser PCB layout - VideoCardz.com,"<a href=""https://news.google.com/rss/articles/CBMiqwFBVV95cUxQQklpZHZoWGhKTFZGZWxrNldkYmR2dlRleFhjNXl1ZTgxdUZqTE9NRlJPc1lBTzlpRDNuQXJhaUdJeHJIb2l5Z1hJTmVRWEFKRG8xVXZNWG1HellnQlAzZGlCTnJ3T3MzNE1kVWhTT3oxZGZPcF9naTJodW8xYjFiZW9uZkhLWXpCMk1GS21vVk41WG5zaUtKRkVldzF2NUk0TDRYcnNXUlRSbEk?oc=5"" target=""_blank"">NVIDIA RTX PRO 6000 Blackwell Workstation GPU design has even denser PCB layout</a>&nbsp;&nbsp;<font color=""#6f6f6f"">VideoCardz.com</font>",VideoCardz.com,https://news.google.com/rss/articles/CBMiqwFBVV95cUxQQklpZHZoWGhKTFZGZWxrNldkYmR2dlRleFhjNXl1ZTgxdUZqTE9NRlJPc1lBTzlpRDNuQXJhaUdJeHJIb2l5Z1hJTmVRWEFKRG8xVXZNWG1HellnQlAzZGlCTnJ3T3MzNE1kVWhTT3oxZGZPcF9naTJodW8xYjFiZW9uZkhLWXpCMk1GS21vVk41WG5zaUtKRkVldzF2NUk0TDRYcnNXUlRSbEk?oc=5
2025-05-01 07:00:00,Fact Check: Is NVIDIA Adding Bitcoin to Its Balance Sheet? - The Crypto Times,"<a href=""https://news.google.com/rss/articles/CBMimwFBVV95cUxNclV3N0VEUk1jZlBqNHhURzE4VnBHSktSYjB0UEFUMkN6N3FrMDlwcEZCS2xCNWxwZDA3b3JGU0FKUkJJUERHSHZSN0lRTm9Mc2hWcFE2Z1NRemt2OEdKVHBTUjdCVG9WS2VSMi1jV0JlUkV1TmtuZU05TFlvZmpfSm5WMzQtV3pZb0oxSkd1WWUyaEZqakg1UXlXNA?oc=5"" target=""_blank"">Fact Check: Is NVIDIA Adding Bitcoin to Its Balance Sheet?</a>&nbsp;&nbsp;<font color=""#6f6f6f"">The Crypto Times</font>",The Crypto Times,https://news.google.com/rss/articles/CBMimwFBVV95cUxNclV3N0VEUk1jZlBqNHhURzE4VnBHSktSYjB0UEFUMkN6N3FrMDlwcEZCS2xCNWxwZDA3b3JGU0FKUkJJUERHSHZSN0lRTm9Mc2hWcFE2Z1NRemt2OEdKVHBTUjdCVG9WS2VSMi1jV0JlUkV1TmtuZU05TFlvZmpfSm5WMzQtV3pZb0oxSkd1WWUyaEZqakg1UXlXNA?oc=5
2025-04-30 07:00:00,"Nvidia and AMD gaming GPU prices are finally dropping in the US, if you’re quick - PCGamesN","<a href=""https://news.google.com/rss/articles/CBMibkFVX3lxTE5jcWEwSzlNem9La2dqT2NmTzVqYXFiZV84Y0tCT3lGRFFIUFZueUR6Y09yOGdYWmRYVk5HcXI4Y0ZQNzNZUVRMeWVnSjVaLWJReEVIbVVaRWFNQ09GWkFHcWttOFFzT3JpV2xoQ1N3?oc=5"" target=""_blank"">Nvidia and AMD gaming GPU prices are finally dropping in the US, if you’re quick</a>&nbsp;&nbsp;<font color=""#6f6f6f"">PCGamesN</font>",PCGamesN,https://news.google.com/rss/articles/CBMibkFVX3lxTE5jcWEwSzlNem9La2dqT2NmTzVqYXFiZV84Y0tCT3lGRFFIUFZueUR6Y09yOGdYWmRYVk5HcXI4Y0ZQNzNZUVRMeWVnSjVaLWJReEVIbVVaRWFNQ09GWkFHcWttOFFzT3JpV2xoQ1N3?oc=5
2025-04-30 07:00:00,Is NVIDIA Corporation (NVDA) a Stock That Should Double in 3 Years? - Yahoo Finance,"<a href=""https://news.google.com/rss/articles/CBMiigFBVV95cUxNblRyTE5NX3lCekNnRnJ0ZUZIUlhoa3l5bUZYNGhnQXdLQ0xrcThoTGZ4NEhCX084QXJhZDdyd3pINkM2TnpyVkhCcHlERDY5UEZXbkloT1UzcXVqU3FXQWpoc1VUengwZ3lPQUhfWGxQY1liWDFYMmlVNmxtaGVYZWFsVzIzMjNpa1E?oc=5"" target=""_blank"">Is NVIDIA Corporation (NVDA) a Stock That Should Double in 3 Years?</a>&nbsp;&nbsp;<font color=""#6f6f6f"">Yahoo Finance</font>",Yahoo Finance,https://news.google.com/rss/articles/CBMiigFBVV95cUxNblRyTE5NX3lCekNnRnJ0ZUZIUlhoa3l5bUZYNGhnQXdLQ0xrcThoTGZ4NEhCX084QXJhZDdyd3pINkM2TnpyVkhCcHlERDY5UEZXbkloT1UzcXVqU3FXQWpoc1VUengwZ3lPQUhfWGxQY1liWDFYMmlVNmxtaGVYZWFsVzIzMjNpa1E?oc=5
2025-05-01 07:00:00,Why Nvidia Stock Bounded Higher Thursday - The Motley Fool,"<a href=""https://news.google.com/rss/articles/CBMiiwFBVV95cUxQZVRnVHllMDBaaUxBUnFIWXN0ZUxBZkhaamdScGF1c2ppWlVFalBWYkJiQzBLMzRnWldpUHdaMm9kbk9TMVhPMnJTZnB6Rk52dWZIaUlZcWpFeVNtZkhCbTFpV3I1aVJVd3JieDNQMnFud25hX1ptMUxtYVozUEhUN09wSGtyOG1YbE1B?oc=5"" target=""_blank"">Why Nvidia Stock Bounded Higher Thursday</a>&nbsp;&nbsp;<font color=""#6f6f6f"">The Motley Fool</font>",The Motley Fool,https://news.google.com/rss/articles/CBMiiwFBVV95cUxQZVRnVHllMDBaaUxBUnFIWXN0ZUxBZkhaamdScGF1c2ppWlVFalBWYkJiQzBLMzRnWldpUHdaMm9kbk9TMVhPMnJTZnB6Rk52dWZIaUlZcWpFeVNtZkhCbTFpV3I1aVJVd3JieDNQMnFud25hX1ptMUxtYVozUEhUN09wSGtyOG1YbE1B?oc=5
2025-05-01 07:00:00,"Trending tickers: The latest investor updates on Microsoft, Meta, Nvidia, Tesla and Rolls-Royce - Yahoo","<a href=""https://news.google.com/rss/articles/CBMirgFBVV95cUxNUmxpWGsta0ZfdHVKUGpsYzdndFEtWHMtZlI0T1hCYndHeGFWUTlRTG1EQlNBLU05Q1RvdXYzZl9ZRVNoZDU5SzdWUGlXRFNESDZnanVCV2FFMUFxOTNVMlpJVXBBcEdiMW82V08tSXVkSkZUSXlqVm9HZmw1UUptOHdkSmRyZVVMQU9WdnRPRy1BS1JjV0tpMUhjTVRiNjNVQWxiSEhhN2ZJemdjQnc?oc=5"" target=""_blank"">Trending tickers: The latest investor updates on Microsoft, Meta, Nvidia, Tesla and Rolls-Royce</a>&nbsp;&nbsp;<font color=""#6f6f6f"">Yahoo</font>",Yahoo,https://news.google.com/rss/articles/CBMirgFBVV95cUxNUmxpWGsta0ZfdHVKUGpsYzdndFEtWHMtZlI0T1hCYndHeGFWUTlRTG1EQlNBLU05Q1RvdXYzZl9ZRVNoZDU5SzdWUGlXRFNESDZnanVCV2FFMUFxOTNVMlpJVXBBcEdiMW82V08tSXVkSkZUSXlqVm9HZmw1UUptOHdkSmRyZVVMQU9WdnRPRy1BS1JjV0tpMUhjTVRiNjNVQWxiSEhhN2ZJemdjQnc?oc=5
2025-05-01 07:00:00,Nvidia Accuses Anthropic of Spinning ‘Tall Tales’ About Chip Restrictions - PYMNTS.com,"<a href=""https://news.google.com/rss/articles/CBMixAFBVV95cUxQUnhUQjViR1d2RGhBdGVrbDNEWldzRzJuV1ZkN0M3TW1ZSTN6b003VU9WdnJ3RG9iZ1M5YjdpbjNJUnlXdHItWDd3V05yaWtVaXdGQk1UcDFBTHFFemEtOHpMSFUwWUJXeUhoUXJlblFaLXc1bWlPY2hqY09LOWNFb2FHSk5aS0tMU1plY3V3a0dZQzZnZ0VScDVTc2VDTElEekxJQlF6RG5URjI4eFBDT2s0S3RDVDZ1TU9vOXJ6ZkxwWU1F?oc=5"" target=""_blank"">Nvidia Accuses Anthropic of Spinning ‘Tall Tales’ About Chip Restrictions</a>&nbsp;&nbsp;<font color=""#6f6f6f"">PYMNTS.com</font>",PYMNTS.com,https://news.google.com/rss/articles/CBMixAFBVV95cUxQUnhUQjViR1d2RGhBdGVrbDNEWldzRzJuV1ZkN0M3TW1ZSTN6b003VU9WdnJ3RG9iZ1M5YjdpbjNJUnlXdHItWDd3V05yaWtVaXdGQk1UcDFBTHFFemEtOHpMSFUwWUJXeUhoUXJlblFaLXc1bWlPY2hqY09LOWNFb2FHSk5aS0tMU1plY3V3a0dZQzZnZ0VScDVTc2VDTElEekxJQlF6RG5URjI4eFBDT2s0S3RDVDZ1TU9vOXJ6ZkxwWU1F?oc=5
2025-04-30 07:00:00,Should You Buy SoundHound AI Stock Before May 8? This Recent Move by Nvidia Might Hold the Answer - The Motley Fool,"<a href=""https://news.google.com/rss/articles/CBMimAFBVV95cUxPSUJiVVhUcmJickVreFZlQnZSaWRucnJEM09YUU1ENzh3VUN5cVd2dmpIWE1iQmpIUnFXTjR1WU94TXFtTFpkTjQtZ3JqZ1FFVy1ROHBUeTJ0ZzF6a0pIOXdqeHNESTY4VXZBZ0ZzazAteVBzM1REMy16YXg4MVdYSXVENmttVWRObnNLV0tqTVZXVEJzYjZ2bw?oc=5"" target=""_blank"">Should You Buy SoundHound AI Stock Before May 8? This Recent Move by Nvidia Might Hold the Answer</a>&nbsp;&nbsp;<font color=""#6f6f6f"">The Motley Fool</font>",The Motley Fool,https://news.google.com/rss/articles/CBMimAFBVV95cUxPSUJiVVhUcmJickVreFZlQnZSaWRucnJEM09YUU1ENzh3VUN5cVd2dmpIWE1iQmpIUnFXTjR1WU94TXFtTFpkTjQtZ3JqZ1FFVy1ROHBUeTJ0ZzF6a0pIOXdqeHNESTY4VXZBZ0ZzazAteVBzM1REMy16YXg4MVdYSXVENmttVWRObnNLV0tqTVZXVEJzYjZ2bw?oc=5
2025-04-30 07:00:00,"NVIDIA stock up as Meta boosts AI capex, Microsoft datacenter demand not slowing - Investing.com","<a href=""https://news.google.com/rss/articles/CBMiqAFBVV95cUxNWTh4QnJKZ1VUSDZaVTI0a21MTWItUDhVU1BBZHhvUXdKMDgyQWpFSW16MU0wWFJXSVEtS3hFcDc3Q3phSXlnTndoXzJmbFBCZDdaa0hReDFZQi1NYWZJNW9OUml6RDFRWHBIX2F4Rk9uVGJpbEM3RXQ2ZGtvM2YydWREcmRkaWZSZ2VIaFlLUGRlODk3QWhLalRxQmk4cG40WTJXaU9velg?oc=5"" target=""_blank"">NVIDIA stock up as Meta boosts AI capex, Microsoft datacenter demand not slowing</a>&nbsp;&nbsp;<font color=""#6f6f6f"">Investing.com</font>",Investing.com,https://news.google.com/rss/articles/CBMiqAFBVV95cUxNWTh4QnJKZ1VUSDZaVTI0a21MTWItUDhVU1BBZHhvUXdKMDgyQWpFSW16MU0wWFJXSVEtS3hFcDc3Q3phSXlnTndoXzJmbFBCZDdaa0hReDFZQi1NYWZJNW9OUml6RDFRWHBIX2F4Rk9uVGJpbEM3RXQ2ZGtvM2YydWREcmRkaWZSZ2VIaFlLUGRlODk3QWhLalRxQmk4cG40WTJXaU9velg?oc=5
2025-04-30 07:00:00,"’No evidence’ SMCI’s weak guidance hurts NVIDIA, Navellier says - Investing.com","<a href=""https://news.google.com/rss/articles/CBMitwFBVV95cUxOd0ZNWXpMaG1PdTA2bnE4WGZWVUxjWkU1cEY3OFJpb2I4dmk3dmM2dUZkX0c1Z1NIUm5SYjRHVmNxd1NJZEhBdTJXVHBmRHdkcGEzWnZWV3p6M1Q3ZU1KWDMxZDY1Z2lYMllGcXE4dUVxS2lPM19QdmRZV2l5bEFIcTM5RHRuLUQ3Mm9keWNqMzlleU9ERzd6WjJWNk1YcmJHYkVERHJySk41N2ZSMy1VU3RKNFdQQTA?oc=5"" target=""_blank"">’No evidence’ SMCI’s weak guidance hurts NVIDIA, Navellier says</a>&nbsp;&nbsp;<font color=""#6f6f6f"">Investing.com</font>",Investing.com,https://news.google.com/rss/articles/CBMitwFBVV95cUxOd0ZNWXpMaG1PdTA2bnE4WGZWVUxjWkU1cEY3OFJpb2I4dmk3dmM2dUZkX0c1Z1NIUm5SYjRHVmNxd1NJZEhBdTJXVHBmRHdkcGEzWnZWV3p6M1Q3ZU1KWDMxZDY1Z2lYMllGcXE4dUVxS2lPM19QdmRZV2l5bEFIcTM5RHRuLUQ3Mm9keWNqMzlleU9ERzd6WjJWNk1YcmJHYkVERHJySk41N2ZSMy1VU3RKNFdQQTA?oc=5
2025-05-01 07:00:00,Worried About VRAM? Nvidia's New Pro Graphics Card Has 96GB of GDDR7 - extremetech.com,"<a href=""https://news.google.com/rss/articles/CBMipwFBVV95cUxPUU4ycnRtMGRJR2RFOXk1MUVTRlpCcG1pZllNcGhiLUFQcHVoVTFUcTlRMVJfTTkwSTAzRlVPdW5wRUNRTHRKT2JYNnJmWTBSVm5Iem9UX3g4MXlaQVVMZjNEVFhWemtHUkRxT0tIWGpXS25GVDJBRV9lQ0podGNVZlBCakFqSGVvcmJpQndxMmg4RGxlWFVfQXh5TmZhNnFNYXZIUVBCNA?oc=5"" target=""_blank"">Worried About VRAM? Nvidia's New Pro Graphics Card Has 96GB of GDDR7</a>&nbsp;&nbsp;<font color=""#6f6f6f"">extremetech.com</font>",extremetech.com,https://news.google.com/rss/articles/CBMipwFBVV95cUxPUU4ycnRtMGRJR2RFOXk1MUVTRlpCcG1pZllNcGhiLUFQcHVoVTFUcTlRMVJfTTkwSTAzRlVPdW5wRUNRTHRKT2JYNnJmWTBSVm5Iem9UX3g4MXlaQVVMZjNEVFhWemtHUkRxT0tIWGpXS25GVDJBRV9lQ0podGNVZlBCakFqSGVvcmJpQndxMmg4RGxlWFVfQXh5TmZhNnFNYXZIUVBCNA?oc=5
2025-05-01 07:00:00,"Intel Planning A Homegrown Challenge To Nvidia, Says It's 'Not A Quick Fix' - Yahoo Finance","<a href=""https://news.google.com/rss/articles/CBMikAFBVV95cUxONFJyUmNiYUw0VHI1QXJYYzZEakJpOEZGa2I2NHBaLTB2LWNnWjVSa2FPU0FYNmdhNTZLNVEyUGo5WEJFQjlHamJjSEowajZCSkU5V3ZXSFBoSEw1YU5nNndKN3pWb0JMMUlabGlUZkhCcGR5Z2xiR3dyaVcyOGNUR1F6bzlmNkVobl9NelFsdEM?oc=5"" target=""_blank"">Intel Planning A Homegrown Challenge To Nvidia, Says It's 'Not A Quick Fix'</a>&nbsp;&nbsp;<font color=""#6f6f6f"">Yahoo Finance</font>",Yahoo Finance,https://news.google.com/rss/articles/CBMikAFBVV95cUxONFJyUmNiYUw0VHI1QXJYYzZEakJpOEZGa2I2NHBaLTB2LWNnWjVSa2FPU0FYNmdhNTZLNVEyUGo5WEJFQjlHamJjSEowajZCSkU5V3ZXSFBoSEw1YU5nNndKN3pWb0JMMUlabGlUZkhCcGR5Z2xiR3dyaVcyOGNUR1F6bzlmNkVobl9NelFsdEM?oc=5
2025-05-01 07:00:00,NVIDIA GeForce Game Ready 576.28 WHQL Driver Released - DSOGaming,"<a href=""https://news.google.com/rss/articles/CBMijgFBVV95cUxQUGM3UXVpN1RQZG0wT2FyQ1phR29uNGVZdG9adWh6cnFvMEtpbHk5aWxsX2pYN085S2N3OGQtRVpTeFhQLURsODdVbHB5N29DVDFOeUZQNDlTN2U3c2hQU0lmNFFpUm9mWHhoYi1IXy1aTUxxU3hoSlJEaHFISms1MnlmZzhEU3UxTGVPOUl3?oc=5"" target=""_blank"">NVIDIA GeForce Game Ready 576.28 WHQL Driver Released</a>&nbsp;&nbsp;<font color=""#6f6f6f"">DSOGaming</font>",DSOGaming,https://news.google.com/rss/articles/CBMijgFBVV95cUxQUGM3UXVpN1RQZG0wT2FyQ1phR29uNGVZdG9adWh6cnFvMEtpbHk5aWxsX2pYN085S2N3OGQtRVpTeFhQLURsODdVbHB5N29DVDFOeUZQNDlTN2U3c2hQU0lmNFFpUm9mWHhoYi1IXy1aTUxxU3hoSlJEaHFISms1MnlmZzhEU3UxTGVPOUl3?oc=5
2025-05-01 07:00:00,Crypto and AI Are Converging — And Nvidia Stock (NVDA) Could Be the Biggest Winner - TipRanks,"<a href=""https://news.google.com/rss/articles/CBMirAFBVV95cUxNUGN1QjdBVmVCNVdKeDBzX3Y1Vm8wakNVMUJCTXlJb3h4SV9OaGNzSFhJTFRETl9fU25iMzJ0Z2p4WFpRSkVrNi1qOV83VktlMmNLNl96SnJ3TW1uZUpja19iVmQyVEMwQUN1QnZRZGJTQWRveVdlSWY3cWMzTzdDc0FfYXlqRnRaRTlKYmp4M2h1OGZhc0M4a0JOYmRrcnNfR2hkekxBdlBxd1pa?oc=5"" target=""_blank"">Crypto and AI Are Converging — And Nvidia Stock (NVDA) Could Be the Biggest Winner</a>&nbsp;&nbsp;<font color=""#6f6f6f"">TipRanks</font>",TipRanks,https://news.google.com/rss/articles/CBMirAFBVV95cUxNUGN1QjdBVmVCNVdKeDBzX3Y1Vm8wakNVMUJCTXlJb3h4SV9OaGNzSFhJTFRETl9fU25iMzJ0Z2p4WFpRSkVrNi1qOV83VktlMmNLNl96SnJ3TW1uZUpja19iVmQyVEMwQUN1QnZRZGJTQWRveVdlSWY3cWMzTzdDc0FfYXlqRnRaRTlKYmp4M2h1OGZhc0M4a0JOYmRrcnNfR2hkekxBdlBxd1pa?oc=5
2025-04-30 07:00:00,NVIDIA CEO Jensen Huang discusses U.S. chip investment at White House event By Investing.com - Investing.com,"<a href=""https://news.google.com/rss/articles/CBMiygFBVV95cUxQNmVaMUN2VkNzVDBuRTZGQm1ZeE1Gbm5rSHM2T2diMkFROUtGNDZiU3lteVoxc1Z3b2RMYkhzWW1vdVh3VU9za2pLbElXSm9oYVczWXVGTkptZlRTS044bHJtMmxFTmpZMFM3SnNiQUw0N2NCT1h2cHFHZVp4MEtjekpfaG0wQ1ZaMWNJTWNLZTMtOGYyb2I2T1dIZW9ZRkRwbzVYV1k2emNaTlNFX01uTEdSa1hIOFkzVU9EalR5SHZRT3lnamUwdTRn?oc=5"" target=""_blank"">NVIDIA CEO Jensen Huang discusses U.S. chip investment at White House event By Investing.com</a>&nbsp;&nbsp;<font color=""#6f6f6f"">Investing.com</font>",Investing.com,https://news.google.com/rss/articles/CBMiygFBVV95cUxQNmVaMUN2VkNzVDBuRTZGQm1ZeE1Gbm5rSHM2T2diMkFROUtGNDZiU3lteVoxc1Z3b2RMYkhzWW1vdVh3VU9za2pLbElXSm9oYVczWXVGTkptZlRTS044bHJtMmxFTmpZMFM3SnNiQUw0N2NCT1h2cHFHZVp4MEtjekpfaG0wQ1ZaMWNJTWNLZTMtOGYyb2I2T1dIZW9ZRkRwbzVYV1k2emNaTlNFX01uTEdSa1hIOFkzVU9EalR5SHZRT3lnamUwdTRn?oc=5
2025-05-01 07:00:00,Nvidia CEO Warns U.S. AI Controls May Slow Worldwide Tech Adoption - Yahoo Finance,"<a href=""https://news.google.com/rss/articles/CBMidkFVX3lxTE1PT1V1cmNxcDZ2VnZpTko1OE41Q3Y0QkVvUXVSZ2h4cllqNWxQMXU2dWhTd2QwYnJoYzhMUURYczNZTmtPaUZ3RVJzaEdqQ3d2UENVVFRCS0VHaUZBZmFnRGJ3akRpQXQ1YVo2dUhMM2Utd0daNlE?oc=5"" target=""_blank"">Nvidia CEO Warns U.S. AI Controls May Slow Worldwide Tech Adoption</a>&nbsp;&nbsp;<font color=""#6f6f6f"">Yahoo Finance</font>",Yahoo Finance,https://news.google.com/rss/articles/CBMidkFVX3lxTE1PT1V1cmNxcDZ2VnZpTko1OE41Q3Y0QkVvUXVSZ2h4cllqNWxQMXU2dWhTd2QwYnJoYzhMUURYczNZTmtPaUZ3RVJzaEdqQ3d2UENVVFRCS0VHaUZBZmFnRGJ3akRpQXQ1YVo2dUhMM2Utd0daNlE?oc=5
2025-04-30 07:00:00,Billionaires Sell Nvidia Stock Before the Market Crash and Buy a Golden ETF Up 166% in 10 Years - The Motley Fool,"<a href=""https://news.google.com/rss/articles/CBMilwFBVV95cUxNVEMycjVGSWpKYjBxN0lYdEgtQWZJVUtjc2RUSDZaY1E2ZFhMeUE3SkpOcXZxWHM3dTB4c0RwUXVYNTI1bnRFMDUydW5mVTBQbW1qTkNyWEhRdmw1THFYTDZnVVd4cHNpaE1XT3p2Z0pTbzRBa3RPckFVU2I3aGZOaXJBT2c1U050RzQ3djZfNnUyWU9GTk9R?oc=5"" target=""_blank"">Billionaires Sell Nvidia Stock Before the Market Crash and Buy a Golden ETF Up 166% in 10 Years</a>&nbsp;&nbsp;<font color=""#6f6f6f"">The Motley Fool</font>",The Motley Fool,https://news.google.com/rss/articles/CBMilwFBVV95cUxNVEMycjVGSWpKYjBxN0lYdEgtQWZJVUtjc2RUSDZaY1E2ZFhMeUE3SkpOcXZxWHM3dTB4c0RwUXVYNTI1bnRFMDUydW5mVTBQbW1qTkNyWEhRdmw1THFYTDZnVVd4cHNpaE1XT3p2Z0pTbzRBa3RPckFVU2I3aGZOaXJBT2c1U050RzQ3djZfNnUyWU9GTk9R?oc=5
2025-05-01 07:00:00,Nvidia RTX 50-series GPU prices drop below MSRP in Germany as demand wanes - TechSpot,"<a href=""https://news.google.com/rss/articles/CBMijAFBVV95cUxOZ1hKSmZTMS15NXFWV1JkWjJrcnM1SU5xTFU5RWxVVWxUX3dGa0laRkFhUmNFWkxOWHNZX3Z0ZzJoNFpCbERqVkFOV0tUbldsXzlQOFlETmZfMG9TWWVickhnZXdSSlJGRVF4cWNPXzhxRG9tSkVqYnRoVy1xVjdmV1Atb29jblNzSklSag?oc=5"" target=""_blank"">Nvidia RTX 50-series GPU prices drop below MSRP in Germany as demand wanes</a>&nbsp;&nbsp;<font color=""#6f6f6f"">TechSpot</font>",TechSpot,https://news.google.com/rss/articles/CBMijAFBVV95cUxOZ1hKSmZTMS15NXFWV1JkWjJrcnM1SU5xTFU5RWxVVWxUX3dGa0laRkFhUmNFWkxOWHNZX3Z0ZzJoNFpCbERqVkFOV0tUbldsXzlQOFlETmZfMG9TWWVickhnZXdSSlJGRVF4cWNPXzhxRG9tSkVqYnRoVy1xVjdmV1Atb29jblNzSklSag?oc=5
2025-05-01 07:00:00,"Nvidia stock surges after Meta, Microsoft reaffirm AI focus - Latest news from Azerbaijan","<a href=""https://news.google.com/rss/articles/CBMihgFBVV95cUxPOWN4TmpISmREVG9idERkS2dlV1hMU1dVbUw4dXF3UjFweHVBbWV0MHJfZVZoY3l2M1Bic0d6S0s5RGQzQWsxcnJDT3FEUU5tbmhwc3pxZUtCaEpkNE9TVldkUjFsbWFyQXgtWUpaYWNoSXcxZkI4dDFsSXFERWxIdzVlSXZ5QQ?oc=5"" target=""_blank"">Nvidia stock surges after Meta, Microsoft reaffirm AI focus</a>&nbsp;&nbsp;<font color=""#6f6f6f"">Latest news from Azerbaijan</font>",Latest news from Azerbaijan,https://news.google.com/rss/articles/CBMihgFBVV95cUxPOWN4TmpISmREVG9idERkS2dlV1hMU1dVbUw4dXF3UjFweHVBbWV0MHJfZVZoY3l2M1Bic0d6S0s5RGQzQWsxcnJDT3FEUU5tbmhwc3pxZUtCaEpkNE9TVldkUjFsbWFyQXgtWUpaYWNoSXcxZkI4dDFsSXFERWxIdzVlSXZ5QQ?oc=5
2025-04-30 07:00:00,NVIDIA: Agentic AI Is Reshaping Cybersecurity Defense - eSecurity Planet,"<a href=""https://news.google.com/rss/articles/CBMihAFBVV95cUxOUVFTdjZ5cHBOeXh1QXBYdndBVURjSThSaUgzYktvelZKbEZlbXJBLWNvY1g1NnJqT3JHeHpUTUlfalFBXzFkS0sxX1dOTS0xd3BfTk4waGZKaUdqVFdCbWtuZ0EyM003cGRkQjg1QkZyQmhiaFFWZF8yRWd6T0t1UEZFang?oc=5"" target=""_blank"">NVIDIA: Agentic AI Is Reshaping Cybersecurity Defense</a>&nbsp;&nbsp;<font color=""#6f6f6f"">eSecurity Planet</font>",eSecurity Planet,https://news.google.com/rss/articles/CBMihAFBVV95cUxOUVFTdjZ5cHBOeXh1QXBYdndBVURjSThSaUgzYktvelZKbEZlbXJBLWNvY1g1NnJqT3JHeHpUTUlfalFBXzFkS0sxX1dOTS0xd3BfTk4waGZKaUdqVFdCbWtuZ0EyM003cGRkQjg1QkZyQmhiaFFWZF8yRWd6T0t1UEZFang?oc=5
2025-04-30 16:31:14,Nvidia CEO Jensen Huang warns China is ‘not behind' in AI - NBC10 Philadelphia,"<a href=""https://news.google.com/rss/articles/CBMi8wFBVV95cUxNZFp1VDNKMlF5SlhMazgxTmV4ZlNZcDJkTnFsejJLdk9SYUJOVzhNYkFmMXhjWGdqNUNVTFA2MmtmbUhiR2s2ZU1FQ252aHV5NEM4U3BuOTl4NFc1cVRiTlBuTXRaNnJWUTZ1ZnJaUFJtRkFkVDhiVjAxZ2liMy1SLTJMR3ZiX2c4c0tzV3lXSjZTbm9GRWZUSnpfUGpUWWxFMHIwN0psbGtPODViV2JfQ2VQYWIwYkRLR29JaTFzVG1QN003Qm1NbWlTQTF2eWtfS3pzOXhMM2JyRGNXdE04Zk95d3U3YXF6NkwxbVdPU3JnSmfSAfsBQVVfeXFMTXJZWkZrZW5zVHRGc1NockFqdENCZ2NRLUhlSk4xdUI2a1RJQm5XLUVUQ1gzazVVNWNzZlJtU0IwSFFnZlVmcVJYdHozMFNYeC1fT0R0cDkwczlGNXJOcE9abTBJUEFrQTMwWUx3aXZKQTd0bjg3dG1rMU9udHdYRV9pOXVBN1JFdFozZmxCNUdiZGpDWEUzWGpTVVZNT2NqNUZLLTJIWjBYcFF3UjU2UnI4RnR5YjBfM3E4d0Y5bzk3UlI2dUtCX0xjRlI1azdvNzJJRVF5bGxnSU9TNW9Zdk9sX2M1S2hWLXFQSVBTY3Q1VGdyTld3S0NuUlk?oc=5"" target=""_blank"">Nvidia CEO Jensen Huang warns China is ‘not behind' in AI</a>&nbsp;&nbsp;<font color=""#6f6f6f"">NBC10 Philadelphia</font>",NBC10 Philadelphia,https://news.google.com/rss/articles/CBMi8wFBVV95cUxNZFp1VDNKMlF5SlhMazgxTmV4ZlNZcDJkTnFsejJLdk9SYUJOVzhNYkFmMXhjWGdqNUNVTFA2MmtmbUhiR2s2ZU1FQ252aHV5NEM4U3BuOTl4NFc1cVRiTlBuTXRaNnJWUTZ1ZnJaUFJtRkFkVDhiVjAxZ2liMy1SLTJMR3ZiX2c4c0tzV3lXSjZTbm9GRWZUSnpfUGpUWWxFMHIwN0psbGtPODViV2JfQ2VQYWIwYkRLR29JaTFzVG1QN003Qm1NbWlTQTF2eWtfS3pzOXhMM2JyRGNXdE04Zk95d3U3YXF6NkwxbVdPU3JnSmfSAfsBQVVfeXFMTXJZWkZrZW5zVHRGc1NockFqdENCZ2NRLUhlSk4xdUI2a1RJQm5XLUVUQ1gzazVVNWNzZlJtU0IwSFFnZlVmcVJYdHozMFNYeC1fT0R0cDkwczlGNXJOcE9abTBJUEFrQTMwWUx3aXZKQTd0bjg3dG1rMU9udHdYRV9pOXVBN1JFdFozZmxCNUdiZGpDWEUzWGpTVVZNT2NqNUZLLTJIWjBYcFF3UjU2UnI4RnR5YjBfM3E4d0Y5bzk3UlI2dUtCX0xjRlI1azdvNzJJRVF5bGxnSU9TNW9Zdk9sX2M1S2hWLXFQSVBTY3Q1VGdyTld3S0NuUlk?oc=5
2025-05-01 07:00:00,NVIDIA's New Game Ready 576.28 GPU Driver Arrives With A Ton Of Fixes - HotHardware,"<a href=""https://news.google.com/rss/articles/CBMiiAFBVV95cUxOMDlnRm8tZTdxNnhITzB6Ml8wVXdzcDdYOWhzMUhsWmhZMGkybFk5YkhUdk1zNm1BM2UzS0ZxaWQ0WWR3VE5jbDNzeFR5VjJ5YWlJNEI1dlhKRnZWdVN4QWI5Sm94UzVrcnBKaFhrS3VqZk5ORk1QcFZaZk5pMVNjVjNGMkZoa0p3?oc=5"" target=""_blank"">NVIDIA's New Game Ready 576.28 GPU Driver Arrives With A Ton Of Fixes</a>&nbsp;&nbsp;<font color=""#6f6f6f"">HotHardware</font>",HotHardware,https://news.google.com/rss/articles/CBMiiAFBVV95cUxOMDlnRm8tZTdxNnhITzB6Ml8wVXdzcDdYOWhzMUhsWmhZMGkybFk5YkhUdk1zNm1BM2UzS0ZxaWQ0WWR3VE5jbDNzeFR5VjJ5YWlJNEI1dlhKRnZWdVN4QWI5Sm94UzVrcnBKaFhrS3VqZk5ORk1QcFZaZk5pMVNjVjNGMkZoa0p3?oc=5
2025-05-01 07:00:00,Prime Focus Technologies launches CLEAR® Content Studio AI Agents--leveraging NVIDIA Technology for the future of storytelling - PR Newswire,"<a href=""https://news.google.com/rss/articles/CBMiiwJBVV95cUxQM29Hb1p4Y3JndVZ4dXRYODE2dG1PM3IwM0hobXIzR0ZZZ0hZdG8wTmxnWHNSVjRySEpkcE1RRFlsbWVuRzdBdkNwTmxNT2poRnpIdHNpdlkzbnBFeW9wMjJBajdPVy1qYzF2ZFZWT21CNmZ0dGI3OVV3aFJqNjhHdkd2bnUxMXpXZkcxNTRGYndLdk1QUEtQR2U3U3FwbUgzVUVDTFVUMGJzNkJTS2ZoNkw4bThBWjRWUUk4eWxyTzRBd3ZyZHdIT2ItRS1mYjJkaHk3amIydnRpTVFSa3drbjJsM01VR1REY1BtY05fVXVXWjBGRElSVEpLRkhZVEdqdjREWmlKYVp0RkU?oc=5"" target=""_blank"">Prime Focus Technologies launches CLEAR® Content Studio AI Agents--leveraging NVIDIA Technology for the future of storytelling</a>&nbsp;&nbsp;<font color=""#6f6f6f"">PR Newswire</font>",PR Newswire,https://news.google.com/rss/articles/CBMiiwJBVV95cUxQM29Hb1p4Y3JndVZ4dXRYODE2dG1PM3IwM0hobXIzR0ZZZ0hZdG8wTmxnWHNSVjRySEpkcE1RRFlsbWVuRzdBdkNwTmxNT2poRnpIdHNpdlkzbnBFeW9wMjJBajdPVy1qYzF2ZFZWT21CNmZ0dGI3OVV3aFJqNjhHdkd2bnUxMXpXZkcxNTRGYndLdk1QUEtQR2U3U3FwbUgzVUVDTFVUMGJzNkJTS2ZoNkw4bThBWjRWUUk4eWxyTzRBd3ZyZHdIT2ItRS1mYjJkaHk3amIydnRpTVFSa3drbjJsM01VR1REY1BtY05fVXVXWjBGRElSVEpLRkhZVEdqdjREWmlKYVp0RkU?oc=5
2025-04-30 18:35:31,Nvidia CEO Jensen Huang warns China is 'not behind' in AI - MSN,"<a href=""https://news.google.com/rss/articles/CBMirgFBVV95cUxNNW0xZEtBODhDc3NjWnpaekkxeTh3aEZQWEU2Um9JbDhqTHBrQWxzUTNFdVNtb2dmRGJVSU00b1F0TDhYSVJSN1ExUEc5Ung3M093M0VFbnFOemlnSldZWmlHdnR2YnFKbEJqYXVUOEltRXJjQ1luLUlKYWxGTVRNWFNPM2t1RFl0RG5sLXRuNjZHNERRSzlBakpHRWczU081cnZTTURyUlZIODZVN2c?oc=5"" target=""_blank"">Nvidia CEO Jensen Huang warns China is 'not behind' in AI</a>&nbsp;&nbsp;<font color=""#6f6f6f"">MSN</font>",MSN,https://news.google.com/rss/articles/CBMirgFBVV95cUxNNW0xZEtBODhDc3NjWnpaekkxeTh3aEZQWEU2Um9JbDhqTHBrQWxzUTNFdVNtb2dmRGJVSU00b1F0TDhYSVJSN1ExUEc5Ung3M093M0VFbnFOemlnSldZWmlHdnR2YnFKbEJqYXVUOEltRXJjQ1luLUlKYWxGTVRNWFNPM2t1RFl0RG5sLXRuNjZHNERRSzlBakpHRWczU081cnZTTURyUlZIODZVN2c?oc=5
2025-04-30 07:00:00,Jim Cramer says the recent trim of our Nvidia position was for days like this - CNBC,"<a href=""https://news.google.com/rss/articles/CBMiqwFBVV95cUxQaU9HcEFTOXYwZGVISkEtdUdLWEp0Si0wd1FMMjZWS1VEd0dmWDg5X2trekRIV1E0eWJwcGlQX2R5XzVXT3c0TEU2Q0xaTjV5OWFjc092c24tR3FFVTdocXJZWFZFRjIzWTVvcHdOZWRvbnZ0MWprMF9VQkY2bU1ONmtMVHhKcGpIUndsYzFWclFUSkZ4YlVGY3hic3kyRnZNQWN2U0M2Yk9SQWs?oc=5"" target=""_blank"">Jim Cramer says the recent trim of our Nvidia position was for days like this</a>&nbsp;&nbsp;<font color=""#6f6f6f"">CNBC</font>",CNBC,https://news.google.com/rss/articles/CBMiqwFBVV95cUxQaU9HcEFTOXYwZGVISkEtdUdLWEp0Si0wd1FMMjZWS1VEd0dmWDg5X2trekRIV1E0eWJwcGlQX2R5XzVXT3c0TEU2Q0xaTjV5OWFjc092c24tR3FFVTdocXJZWFZFRjIzWTVvcHdOZWRvbnZ0MWprMF9VQkY2bU1ONmtMVHhKcGpIUndsYzFWclFUSkZ4YlVGY3hic3kyRnZNQWN2U0M2Yk9SQWs?oc=5
2025-05-01 07:00:00,"Why Are Nvidia, Broadcom And Other Chip Stocks Soaring On Thursday? - Benzinga","<a href=""https://news.google.com/rss/articles/CBMixAFBVV95cUxOUzV2eVNGbU5CVFh4V1JPVXlTcjB3elVROEgzVkFTU2tVTTdYZFV5X2VuT3J4a1RhZTl3T2FCbWpJQzhrcnVWZnlwUkRJOUd6T2RXNm9WTWg1WXE4and5a253emlIU25rUzN1b0RqeU54bFVvVzMyZ21yLUVnUzVzLVk0RGZHYjJrb0RCNy0zSFlUUHV4SjhkalUxaDg3amlMVnZ1aHIwcmpGaW0ySEFrSkJhT2hvbFN1THloT1hKOExiejZL?oc=5"" target=""_blank"">Why Are Nvidia, Broadcom And Other Chip Stocks Soaring On Thursday?</a>&nbsp;&nbsp;<font color=""#6f6f6f"">Benzinga</font>",Benzinga,https://news.google.com/rss/articles/CBMixAFBVV95cUxOUzV2eVNGbU5CVFh4V1JPVXlTcjB3elVROEgzVkFTU2tVTTdYZFV5X2VuT3J4a1RhZTl3T2FCbWpJQzhrcnVWZnlwUkRJOUd6T2RXNm9WTWg1WXE4and5a253emlIU25rUzN1b0RqeU54bFVvVzMyZ21yLUVnUzVzLVk0RGZHYjJrb0RCNy0zSFlUUHV4SjhkalUxaDg3amlMVnZ1aHIwcmpGaW0ySEFrSkJhT2hvbFN1THloT1hKOExiejZL?oc=5
2025-05-01 07:00:00,"Nvidia CEO, Qualcomm outlook, Roblox strength: Trending Tickers - Yahoo Finance","<a href=""https://news.google.com/rss/articles/CBMiiAFBVV95cUxQS1NfdU5QSTdVaUljSXFYeFY1V3JjZXdiNi1BRXZiWDRuUVd3emNkbkpOQnJOd0J1akk5RTFHMkdpV09WRlNsOXlJY010LXpjN1VXOFZvTExHZGNlY2M3aWJRWnB4STlsOWJXUXh5VG1JbkMyNnk0NTNNY3d3WDNCYmJCcXdQSXFi?oc=5"" target=""_blank"">Nvidia CEO, Qualcomm outlook, Roblox strength: Trending Tickers</a>&nbsp;&nbsp;<font color=""#6f6f6f"">Yahoo Finance</font>",Yahoo Finance,https://news.google.com/rss/articles/CBMiiAFBVV95cUxQS1NfdU5QSTdVaUljSXFYeFY1V3JjZXdiNi1BRXZiWDRuUVd3emNkbkpOQnJOd0J1akk5RTFHMkdpV09WRlNsOXlJY010LXpjN1VXOFZvTExHZGNlY2M3aWJRWnB4STlsOWJXUXh5VG1JbkMyNnk0NTNNY3d3WDNCYmJCcXdQSXFi?oc=5
2025-05-01 07:00:00,Is NVIDIA Corporation (NVDA) the Best Growth Stock to Buy for the Next 3 Years? - Yahoo Finance,"<a href=""https://news.google.com/rss/articles/CBMiiAFBVV95cUxOSUliZGZSNG1EQW5FdVdPRHRRQ0tfaFluQlZtZDdwR0hTUjhNU0gtaTRLdXJuOG9STml4VFFzZDd3TzBFUUo5NXpINmNsbnVVUVpNYWdUQjlwb1ByeU9kVUZ4M1Zxc0xObm5GcXVoa05WNlZNOVRubmhKZGN5dDB0Ums2REpDTDJQ?oc=5"" target=""_blank"">Is NVIDIA Corporation (NVDA) the Best Growth Stock to Buy for the Next 3 Years?</a>&nbsp;&nbsp;<font color=""#6f6f6f"">Yahoo Finance</font>",Yahoo Finance,https://news.google.com/rss/articles/CBMiiAFBVV95cUxOSUliZGZSNG1EQW5FdVdPRHRRQ0tfaFluQlZtZDdwR0hTUjhNU0gtaTRLdXJuOG9STml4VFFzZDd3TzBFUUo5NXpINmNsbnVVUVpNYWdUQjlwb1ByeU9kVUZ4M1Zxc0xObm5GcXVoa05WNlZNOVRubmhKZGN5dDB0Ums2REpDTDJQ?oc=5
2025-04-30 07:00:00,Huawei Starts Delivering Its CloudMatrix 384 AI Clusters To Chinese Customers; Costs Three Times Higher Than NVIDIA’s GB200 NVL72 System - Wccftech,"<a href=""https://news.google.com/rss/articles/CBMioAFBVV95cUxPNW1Id2ZTb05xSEw3OVYzQUZwaGxBSEtBam1nUFljZU9hT3JfU1NjMzJwc0hGS0owV3FHU2EwVFhtTkxhY1Z5cGhGN2RIQk5RMWtINHF2c2o1cE1QT1dGVnUzclFITWZyUm94aUthRE1IMDhpbWk0OVgyUXZhRVB0S3VKd1hyd2tLQkdsOWMzYW5FMGFaVHlYNmdWdGhHUTE40gGmAUFVX3lxTE1ReGxUcHdjbUJzNHhiajE0ZTZRR3NQbjNqOGgtdDBMSnQzNXhaSFE1MTRQdGhPZTVDY1lhWFZBMy1RbkZRSFBRV0xYYVZxWnI3UzdNWmVOdVRvcVNZUmVya3V4b0Z4Yk81RnNNcmlFU19DUWVYRC1zdkRDWm9yY1JaZ0hHVkY5dkEzSE1oeC1BS281b2JOZ3NRTDYxSzhnVC1pMGV3OWc?oc=5"" target=""_blank"">Huawei Starts Delivering Its CloudMatrix 384 AI Clusters To Chinese Customers; Costs Three Times Higher Than NVIDIA’s GB200 NVL72 System</a>&nbsp;&nbsp;<font color=""#6f6f6f"">Wccftech</font>",Wccftech,https://news.google.com/rss/articles/CBMioAFBVV95cUxPNW1Id2ZTb05xSEw3OVYzQUZwaGxBSEtBam1nUFljZU9hT3JfU1NjMzJwc0hGS0owV3FHU2EwVFhtTkxhY1Z5cGhGN2RIQk5RMWtINHF2c2o1cE1QT1dGVnUzclFITWZyUm94aUthRE1IMDhpbWk0OVgyUXZhRVB0S3VKd1hyd2tLQkdsOWMzYW5FMGFaVHlYNmdWdGhHUTE40gGmAUFVX3lxTE1ReGxUcHdjbUJzNHhiajE0ZTZRR3NQbjNqOGgtdDBMSnQzNXhaSFE1MTRQdGhPZTVDY1lhWFZBMy1RbkZRSFBRV0xYYVZxWnI3UzdNWmVOdVRvcVNZUmVya3V4b0Z4Yk81RnNNcmlFU19DUWVYRC1zdkRDWm9yY1JaZ0hHVkY5dkEzSE1oeC1BS281b2JOZ3NRTDYxSzhnVC1pMGV3OWc?oc=5
2025-05-01 07:00:00,Meta Stock and Microsoft Stock Fuel Nvidia’s Gains with AI Investment Boost - TECHi,"<a href=""https://news.google.com/rss/articles/CBMiekFVX3lxTFBUeThYcWlzZ2tHdTZWa2NyZjBWNDBqQ1BIdGF4aVZyYUE1X3kweTVFVjlFWVhQUXpDT1NibTJPaVhXa1pLbVExWlNkM3h3SlFBbW5POEpwNm1EbzdFVkpNU1JyWXJnSDhIUi1VWWZVNmpUSXdRbVNNMVZ3?oc=5"" target=""_blank"">Meta Stock and Microsoft Stock Fuel Nvidia’s Gains with AI Investment Boost</a>&nbsp;&nbsp;<font color=""#6f6f6f"">TECHi</font>",TECHi,https://news.google.com/rss/articles/CBMiekFVX3lxTFBUeThYcWlzZ2tHdTZWa2NyZjBWNDBqQ1BIdGF4aVZyYUE1X3kweTVFVjlFWVhQUXpDT1NibTJPaVhXa1pLbVExWlNkM3h3SlFBbW5POEpwNm1EbzdFVkpNU1JyWXJnSDhIUi1VWWZVNmpUSXdRbVNNMVZ3?oc=5
2025-05-01 07:00:00,1 Artificial Intelligence (AI) Stock That Could Go Parabolic - The Motley Fool,"<a href=""https://news.google.com/rss/articles/CBMijgFBVV95cUxPZWx6VmJnM2VCZGoybV81MXVQUXV5Szh3b3E2YjZFZHh6ZFhTWHlaeU5WZ0lyUkFGY1Jyd1RWTS14a0gtcXBrakRtQldMWC1fSTJnS0ZWUFZoNm1uU0tkWnd5SGk1YUxHU0NnWU1wdXh6S1lULUswRk5WZkp6U3hzU2tsdUJvUldncDc5RkdB?oc=5"" target=""_blank"">1 Artificial Intelligence (AI) Stock That Could Go Parabolic</a>&nbsp;&nbsp;<font color=""#6f6f6f"">The Motley Fool</font>",The Motley Fool,https://news.google.com/rss/articles/CBMijgFBVV95cUxPZWx6VmJnM2VCZGoybV81MXVQUXV5Szh3b3E2YjZFZHh6ZFhTWHlaeU5WZ0lyUkFGY1Jyd1RWTS14a0gtcXBrakRtQldMWC1fSTJnS0ZWUFZoNm1uU0tkWnd5SGk1YUxHU0NnWU1wdXh6S1lULUswRk5WZkp6U3hzU2tsdUJvUldncDc5RkdB?oc=5
2025-05-01 07:00:00,Nvidia was king of the retail stocks last week - Sherwood News,"<a href=""https://news.google.com/rss/articles/CBMigwFBVV95cUxQc2tPZ2cySEh4SHo1VVJTS1RodXRZaHI5UmZDSkVGejFsWC1ZeFV6R0lyRnFqOFlCT0pncVVyaFRKYW5RQlpLbE9uYXB3cHhIZ3NscFRQT3lRRW1heERJalRFbGx4YUV1YWVOcE5wSTU5Q1o5WUUzQjlQeGRlVFFkYlJzOA?oc=5"" target=""_blank"">Nvidia was king of the retail stocks last week</a>&nbsp;&nbsp;<font color=""#6f6f6f"">Sherwood News</font>",Sherwood News,https://news.google.com/rss/articles/CBMigwFBVV95cUxQc2tPZ2cySEh4SHo1VVJTS1RodXRZaHI5UmZDSkVGejFsWC1ZeFV6R0lyRnFqOFlCT0pncVVyaFRKYW5RQlpLbE9uYXB3cHhIZ3NscFRQT3lRRW1heERJalRFbGx4YUV1YWVOcE5wSTU5Q1o5WUUzQjlQeGRlVFFkYlJzOA?oc=5
2025-04-30 07:00:00,Oracle Cloud Deploys NVIDIA Blackwell GPUs - insideHPC,"<a href=""https://news.google.com/rss/articles/CBMifkFVX3lxTE4zWEJOaF85ZEFtVlkwQWZfUHNlUXFPaUxxUnQ2NzR0dDk0MHZNSmNMTnNNY3JuUzFTYkQzSjc0TDNMSm1pSm5DNXhuTlpXNWg4WkhBaHJERzNuYndXZEtQdzV0bFJXTGpsc1dreEIta0EydmxsLUdSQmNiYmpzUQ?oc=5"" target=""_blank"">Oracle Cloud Deploys NVIDIA Blackwell GPUs</a>&nbsp;&nbsp;<font color=""#6f6f6f"">insideHPC</font>",insideHPC,https://news.google.com/rss/articles/CBMifkFVX3lxTE4zWEJOaF85ZEFtVlkwQWZfUHNlUXFPaUxxUnQ2NzR0dDk0MHZNSmNMTnNNY3JuUzFTYkQzSjc0TDNMSm1pSm5DNXhuTlpXNWg4WkhBaHJERzNuYndXZEtQdzV0bFJXTGpsc1dreEIta0EydmxsLUdSQmNiYmpzUQ?oc=5
2025-04-30 07:00:00,"‘Sell Nvidia Stock’ (NVDA), Says Top Analyst - TipRanks","<a href=""https://news.google.com/rss/articles/CBMieEFVX3lxTE5oc1ZhWVNsOUIxNFU4V24xTGltbUFTNW5FWXRIQnRDZU1NX2tZenZBMjBIVFM2UTFQM05UUzlFSGJ5TEpsS2kyaVBzdEgydmtOVU5LeFJZM2JSelNYU2MwNkpsT2RzRkJUSGVNZnVSb0E3bEstTUJTZg?oc=5"" target=""_blank"">‘Sell Nvidia Stock’ (NVDA), Says Top Analyst</a>&nbsp;&nbsp;<font color=""#6f6f6f"">TipRanks</font>",TipRanks,https://news.google.com/rss/articles/CBMieEFVX3lxTE5oc1ZhWVNsOUIxNFU4V24xTGltbUFTNW5FWXRIQnRDZU1NX2tZenZBMjBIVFM2UTFQM05UUzlFSGJ5TEpsS2kyaVBzdEgydmtOVU5LeFJZM2JSelNYU2MwNkpsT2RzRkJUSGVNZnVSb0E3bEstTUJTZg?oc=5
2025-04-30 07:00:00,Nvidia issues a new bug-fixing driver update for GeForce GPU users - OC3D,"<a href=""https://news.google.com/rss/articles/CBMirgFBVV95cUxQd2loUlZXZ21BalBkbG9QOVB2Z2pQYVJOb2dBQVIyY2ZJUE93MFp5a0NPV19vQ05UWW50aXZlYzJiNGZtcWZQb0NrODFzRE83NUc5LTgxWlVqa3k1MWUtY2pEcHhBak11OFF2YzNldHdKWUlFT3k1c3lDLXdGMnN3cXNpQTBwczl3bDRNNnRzRDN0VUNlWVRWcUJrLW1UNnNlQ1k5d2RJY1JsSzVhUXc?oc=5"" target=""_blank"">Nvidia issues a new bug-fixing driver update for GeForce GPU users</a>&nbsp;&nbsp;<font color=""#6f6f6f"">OC3D</font>",OC3D,https://news.google.com/rss/articles/CBMirgFBVV95cUxQd2loUlZXZ21BalBkbG9QOVB2Z2pQYVJOb2dBQVIyY2ZJUE93MFp5a0NPV19vQ05UWW50aXZlYzJiNGZtcWZQb0NrODFzRE83NUc5LTgxWlVqa3k1MWUtY2pEcHhBak11OFF2YzNldHdKWUlFT3k1c3lDLXdGMnN3cXNpQTBwczl3bDRNNnRzRDN0VUNlWVRWcUJrLW1UNnNlQ1k5d2RJY1JsSzVhUXc?oc=5
2025-04-30 07:00:00,Who Makes NVIDIA Graphics Cards & Where Are They Built? - SlashGear,"<a href=""https://news.google.com/rss/articles/CBMilwFBVV95cUxOa09RQmp1bl9HMTh1T09MejRUd0Y4SmxzOVBEb0MwbGRLNGkxNDBNcTc1WjBndWNYaVlDTW43d20zM2pZYW1Cd2ljZWRmUG1jUDFUOHJFUGk0aUlGNThxTWpkanBPZVoxZFBBRXpnSEtCekp0bTB6WTBtOXhCNWJYMDVBLWFnWFdrM1NpUUhRN0ZHYUF4dk1Z?oc=5"" target=""_blank"">Who Makes NVIDIA Graphics Cards & Where Are They Built?</a>&nbsp;&nbsp;<font color=""#6f6f6f"">SlashGear</font>",SlashGear,https://news.google.com/rss/articles/CBMilwFBVV95cUxOa09RQmp1bl9HMTh1T09MejRUd0Y4SmxzOVBEb0MwbGRLNGkxNDBNcTc1WjBndWNYaVlDTW43d20zM2pZYW1Cd2ljZWRmUG1jUDFUOHJFUGk0aUlGNThxTWpkanBPZVoxZFBBRXpnSEtCekp0bTB6WTBtOXhCNWJYMDVBLWFnWFdrM1NpUUhRN0ZHYUF4dk1Z?oc=5
2025-05-01 07:00:00,"China is ..., says Nvidia CEO on the Big Question: Is China ahead of America in AI - Times of India","<a href=""https://news.google.com/rss/articles/CBMi8AFBVV95cUxNb0xHZVQteGQ4VFFfdE4tWGR5ZGpKRlRheTRPR2pmYkJqUWgtT05QclJYWjRIN1o1RzlLeHpFVGducXVEQkdVa1pibmdlTklmWVdBUUYwY2pxejdsY3ZCRnBKRjViSHhWanBudEFwbVN3dXpua1BwYTdnVmZLWlE4TDVkMkI5bVZkVDZ6UHBLNk1Pc0RNVmcyVUlnYXROYVI1SHVxVC1Eb2Z2a1lHN1JGcWVFb3NwUENPNnpPOFU5MFh3YXFUdVpFRWt4UlVfblVUNUp2anBZbkFCODVyT0J3WE1SX09FTjlRYnRIbTJLUl_SAfYBQVVfeXFMTkszVk5nR1RTYjVxaVhZVFNpbk05c1R0Ykl5ZXhkSWU5bEh5Y0JVXzlpeHlSV3JhRm5FVWhQR0pYVGxpNUpEbHRReXVNYUNhWDBwMk5iWDRrR0dCaG5ZdU14QlZvN1pmQjVXaFJrTVNWWUU5NlViS19aQ2l0ZG5yS0p1T2c5UHY0THZPc3Brck04cXFzX28xWVJ1M3dMbnRjbmdUSzRMdGpVU09Oc3F4THpCQnZiREVRcU92S3dpMndhbFA2c0pNT0tBX2VuTHpVM3JOX0x1UzF2SlJNSHhoWEhlZ0M4LWwzTXYzS05xRkE2bXYzN3ln?oc=5"" target=""_blank"">China is ..., says Nvidia CEO on the Big Question: Is China ahead of America in AI</a>&nbsp;&nbsp;<font color=""#6f6f6f"">Times of India</font>",Times of India,https://news.google.com/rss/articles/CBMi8AFBVV95cUxNb0xHZVQteGQ4VFFfdE4tWGR5ZGpKRlRheTRPR2pmYkJqUWgtT05QclJYWjRIN1o1RzlLeHpFVGducXVEQkdVa1pibmdlTklmWVdBUUYwY2pxejdsY3ZCRnBKRjViSHhWanBudEFwbVN3dXpua1BwYTdnVmZLWlE4TDVkMkI5bVZkVDZ6UHBLNk1Pc0RNVmcyVUlnYXROYVI1SHVxVC1Eb2Z2a1lHN1JGcWVFb3NwUENPNnpPOFU5MFh3YXFUdVpFRWt4UlVfblVUNUp2anBZbkFCODVyT0J3WE1SX09FTjlRYnRIbTJLUl_SAfYBQVVfeXFMTkszVk5nR1RTYjVxaVhZVFNpbk05c1R0Ykl5ZXhkSWU5bEh5Y0JVXzlpeHlSV3JhRm5FVWhQR0pYVGxpNUpEbHRReXVNYUNhWDBwMk5iWDRrR0dCaG5ZdU14QlZvN1pmQjVXaFJrTVNWWUU5NlViS19aQ2l0ZG5yS0p1T2c5UHY0THZPc3Brck04cXFzX28xWVJ1M3dMbnRjbmdUSzRMdGpVU09Oc3F4THpCQnZiREVRcU92S3dpMndhbFA2c0pNT0tBX2VuTHpVM3JOX0x1UzF2SlJNSHhoWEhlZ0M4LWwzTXYzS05xRkE2bXYzN3ln?oc=5
